0 1,0,0,0,0 active 2
1 0,1,0,0,0 active 3
2 0,0,1,0,0 active 4
3 0,0,0,1,0 active 0
4 0,0,0,0,1 active 1
3 0,0,0,2,0 send1 0
4 0,0,0,2,2 recv1 0
1 0,2,0,0,0 send1 3
2 0,2,2,0,0 recv1 3
0 2,0,0,0,0 send1 2
1 2,3,0,0,0 recv1 2
2 0,2,3,0,0 send1 4
3 0,2,3,3,0 recv1 4
4 0,0,0,2,3 send2 0
0 3,0,0,2,3 recv2 0
4 0,0,0,2,4 send1 1
0 4,0,0,2,4 recv1 1
0 5,0,0,2,4 send2 1
1 5,4,0,2,4 recv2 1
0 6,0,0,2,4 relay
1 5,5,0,2,4 relay
1 5,6,0,2,4 send2 2
2 5,6,4,2,4 recv2 2
3 0,2,3,4,0 send2 4
4 0,2,3,4,5 recv2 4
2 5,6,5,2,4 send2 3
3 5,6,5,5,4 recv2 3
4 0,2,3,4,6 relay
2 5,6,6,2,4 relay
3 5,6,5,6,4 active 4
3 5,6,5,7,4 send1 4
4 5,6,5,7,7 recv1 4
4 5,6,5,7,8 send1 4
0 7,6,5,7,8 recv1 4
0 8,6,5,7,8 send1 4
1 8,7,5,7,8 recv1 4
1 8,8,5,7,8 send1 4
2 8,8,7,7,8 recv1 4
2 8,8,8,7,8 send1 4
3 8,8,8,8,8 recv1 4
3 8,8,8,9,8 leader 4
