0 1,0,0,0,0 active 1
1 0,1,0,0,0 active 4
2 0,0,1,0,0 active 2
3 0,0,0,1,0 active 3
4 0,0,0,0,1 active 0
0 2,0,0,0,0 send1 1
1 2,2,0,0,0 recv1 1
4 0,0,0,0,2 send1 0
0 3,0,0,0,2 recv1 0
1 2,3,0,0,0 send2 1
2 2,3,2,0,0 recv2 1
3 0,0,0,2,0 send1 3
4 0,0,0,2,3 recv1 3
4 0,0,0,2,4 send2 3
0 4,0,0,2,4 recv2 3
0 5,0,0,2,4 relay
1 2,4,0,0,0 send1 4
2 2,4,3,0,0 recv1 4
2 2,4,4,0,0 send2 4
3 2,4,4,3,0 recv2 4
0 6,0,0,2,4 send2 0
1 6,5,0,2,4 recv2 0
1 6,6,0,2,4 relay
2 2,4,5,0,0 active 4
2 2,4,6,0,0 send1 4
3 2,4,6,4,0 recv1 4
3 2,4,6,5,0 active 4
3 2,4,6,6,0 send2 4
4 2,4,6,6,5 recv2 4
4 2,4,6,6,6 relay
2 2,4,7,0,0 send1 4
3 2,4,7,7,0 recv1 4
3 2,4,7,8,0 leader 4
