0 1,0,0,0,0 active 1
1 0,1,0,0,0 active 2
2 0,0,1,0,0 active 0
3 0,0,0,1,0 active 3
4 0,0,0,0,1 active 4
2 0,0,2,0,0 send1 0
3 0,0,2,2,0 recv1 0
3 0,0,2,3,0 send1 3
4 0,0,2,3,2 recv1 3
0 2,0,0,0,0 send1 1
1 2,2,0,0,0 recv1 1
1 2,3,0,0,0 send2 1
2 2,3,3,0,0 recv2 1
3 0,0,2,4,0 send2 0
4 0,0,2,4,3 recv2 0
4 0,0,2,4,4 send1 4
0 3,0,2,4,4 recv1 4
4 0,0,2,4,5 relay
4 0,0,2,4,6 send2 3
0 4,0,2,4,6 recv2 3
0 5,0,2,4,6 active 4
0 6,0,2,4,6 send2 4
1 6,4,2,4,6 recv2 4
1 6,5,2,4,6 relay
1 6,6,2,4,6 send1 2
2 6,6,4,4,6 recv1 2
2 6,6,5,4,6 send2 2
3 6,6,5,5,6 recv2 2
3 6,6,5,6,6 relay
2 6,6,6,4,6 active 2
2 6,6,7,4,6 send1 2
3 6,6,7,7,6 recv1 2
3 6,6,7,8,6 send1 2
4 6,6,7,8,7 recv1 2
4 6,6,7,8,8 send1 2
0 7,6,7,8,8 recv1 2
0 8,6,7,8,8 send2 2
1 8,7,7,8,8 recv2 2
1 8,8,7,8,8 send2 2
2 8,8,8,8,8 recv2 2
0 9,6,7,8,8 send1 4
1 9,9,7,8,8 recv1 4
1 9,10,7,8,8 send1 4
2 9,10,9,8,8 recv1 4
2 9,10,10,8,8 active 4
2 9,10,11,8,8 send2 4
3 9,10,11,9,8 recv2 4
3 9,10,11,10,8 send2 4
4 9,10,11,10,9 recv2 4
4 9,10,11,10,10 send2 4
0 10,10,11,10,10 recv2 4
0 11,10,11,10,10 relay
2 9,10,12,8,8 send1 4
3 9,10,12,11,8 recv1 4
3 9,10,12,12,8 send1 4
4 9,10,12,12,11 recv1 4
4 9,10,12,12,12 send1 4
0 12,10,12,12,12 recv1 4
0 13,10,12,12,12 send1 4
1 13,11,12,12,12 recv1 4
1 13,12,12,12,12 send1 4
2 13,12,13,12,12 recv1 4
2 13,12,14,12,12 leader 4
