0 1,0,0,0,0 active 0
1 0,1,0,0,0 active 1
2 0,0,1,0,0 active 4
3 0,0,0,1,0 active 2
4 0,0,0,0,1 active 3
4 0,0,0,0,2 send1 3
0 2,0,0,0,2 recv1 3
1 0,2,0,0,0 send1 1
2 0,2,2,0,0 recv1 1
2 0,2,3,0,0 send1 4
3 0,2,3,2,0 recv1 4
3 0,2,3,3,0 send1 2
4 0,2,3,3,3 recv1 2
4 0,2,3,3,4 send2 2
0 3,2,3,3,4 recv2 2
0 4,2,3,3,4 active 3
0 5,2,3,3,4 send2 3
1 5,3,3,3,4 recv2 3
3 0,2,3,4,0 send2 4
4 0,2,3,4,5 recv2 4
2 0,2,4,0,0 send2 1
3 0,2,4,5,0 recv2 1
4 0,2,3,4,6 relay
0 6,2,3,3,4 send1 3
1 6,4,3,3,4 recv1 3
3 0,2,4,6,0 active 4
1 6,5,3,3,4 active 3
1 6,6,3,3,4 send2 3
2 6,6,5,3,4 recv2 3
2 6,6,6,3,4 relay
3 0,2,4,7,0 send1 4
4 0,2,4,7,7 recv1 4
4 0,2,4,7,8 send1 4
0 7,2,4,7,8 recv1 4
0 8,2,4,7,8 send2 4
1 8,7,4,7,8 recv2 4
0 9,2,4,7,8 send1 3
1 9,8,4,7,8 recv1 3
1 9,9,4,7,8 leader 3
