0 1,0,0,0,0 send 1 0 0 1
3 0,0,0,1,0 send 1 0 1 2
4 0,0,0,1,1 recv 1 0 1 2
4 0,0,0,1,2 send 1 0 4 3
2 0,0,1,0,0 send 1 0 3 4
0 2,0,0,1,2 recv 1 0 4 3
4 0,0,0,1,3 send 2 0 1 5
0 3,0,0,1,2 send 2 0 4 6
3 0,0,1,2,0 recv 1 0 3 4
0 4,0,0,1,3 recv 2 0 1 5
3 0,0,1,3,0 send 2 0 3 7
4 0,0,1,3,4 recv 2 0 3 7
4 0,0,1,3,5 relay
4 0,0,1,3,5 round-done 0
0 5,0,0,1,3 active 4
0 5,0,0,1,3 round-done 0
1 0,1,0,0,0 send 1 0 2 8
1 5,2,0,1,3 recv 1 0 0 1
1 5,3,0,1,3 send 2 0 0 9
2 5,3,2,1,3 recv 1 0 2 8
1 5,4,0,1,3 recv 2 0 4 6
2 5,3,3,1,3 send 2 0 2 10
3 5,3,3,4,3 recv 2 0 2 10
3 5,3,3,5,3 active 3
3 5,3,3,5,3 round-done 0
2 5,4,4,1,3 recv 2 0 0 9
1 5,5,0,1,3 relay
1 5,5,0,1,3 round-done 0
2 5,4,5,1,3 relay
2 5,4,5,1,3 round-done 0
3 5,3,3,6,3 send 1 1 3 11
4 5,3,3,6,6 recv 1 1 3 11
4 5,3,3,6,7 send 1 1 3 12
0 6,3,3,6,7 recv 1 1 3 12
0 7,3,3,6,7 send 2 1 3 13
1 7,6,3,6,7 recv 2 1 3 13
1 7,7,3,6,7 send 2 1 3 14
2 7,7,6,6,7 recv 2 1 3 14
2 7,7,7,6,7 send 2 1 3 15
0 8,3,3,6,7 send 1 1 4 16
1 8,8,3,6,7 recv 1 1 4 16
1 8,9,3,6,7 send 1 1 4 17
3 7,7,7,7,7 recv 2 1 3 15
2 8,9,8,6,7 recv 1 1 4 17
2 8,9,9,6,7 send 1 1 4 18
3 8,9,9,8,7 recv 1 1 4 18
3 8,9,9,9,7 send 2 1 4 19
4 8,9,9,9,8 recv 2 1 4 19
4 8,9,9,9,9 send 2 1 4 20
0 9,9,9,9,9 recv 2 1 4 20
3 8,9,9,10,7 active 4
3 8,9,9,10,7 round-done 1
0 10,9,9,9,9 relay
0 10,9,9,9,9 round-done 1
3 8,9,9,11,7 send 1 2 4 21
4 8,9,9,11,10 recv 1 2 4 21
4 8,9,9,11,11 send 1 2 4 22
0 11,9,9,11,11 recv 1 2 4 22
0 12,9,9,11,11 send 1 2 4 23
1 12,10,9,11,11 recv 1 2 4 23
1 12,11,9,11,11 send 1 2 4 24
2 12,11,10,11,11 recv 1 2 4 24
2 12,11,11,11,11 send 1 2 4 25
3 12,11,11,12,11 recv 1 2 4 25
3 12,11,11,13,11 leader 4
