4 0,0,0,0,1 send 1 0 4 1
3 0,0,0,1,0 send 1 0 3 2
1 0,1,0,0,0 send 1 0 0 3
0 1,0,0,0,0 send 1 0 1 4
1 1,2,0,0,0 recv 1 0 1 4
2 0,0,1,0,0 send 1 0 2 5
2 1,2,2,0,0 recv 1 0 0 3
1 1,3,0,0,0 send 2 0 1 6
0 2,0,0,0,1 recv 1 0 4 1
2 1,3,3,0,0 recv 2 0 1 6
0 3,0,0,0,1 send 2 0 4 7
1 3,4,0,0,1 recv 2 0 4 7
2 1,3,4,0,0 send 2 0 0 8
4 0,0,0,1,2 recv 1 0 3 2
3 1,3,4,2,0 recv 1 0 2 5
1 3,5,0,0,1 relay
1 3,5,0,0,1 round-done 0
3 1,3,4,3,0 send 2 0 2 9
4 1,3,4,3,3 recv 2 0 2 9
2 1,3,5,0,0 relay
2 1,3,5,0,0 round-done 0
3 1,3,5,4,0 recv 2 0 0 8
4 1,3,4,3,4 send 2 0 3 10
0 4,3,4,3,4 recv 2 0 3 10
3 1,3,5,5,0 relay
3 1,3,5,5,0 round-done 0
4 1,3,4,3,5 relay
4 1,3,4,3,5 round-done 0
0 5,3,4,3,4 active 4
0 5,3,4,3,4 round-done 0
0 6,3,4,3,4 send 1 1 4 11
1 6,6,4,3,4 recv 1 1 4 11
1 6,7,4,3,4 send 1 1 4 12
2 6,7,6,3,4 recv 1 1 4 12
2 6,7,7,3,4 send 1 1 4 13
3 6,7,7,6,4 recv 1 1 4 13
3 6,7,7,7,4 send 1 1 4 14
4 6,7,7,7,6 recv 1 1 4 14
4 6,7,7,7,7 send 1 1 4 15
0 7,7,7,7,7 recv 1 1 4 15
0 8,7,7,7,7 leader 4
