2 0,0,1,0,0 send1 0 1
3 0,0,1,1,0 recv1 0 1
3 0,0,1,2,0 send1 3 2
4 0,0,1,2,1 recv1 3 2
0 1,0,0,0,0 send1 1 3
1 1,1,0,0,0 recv1 1 3
1 1,2,0,0,0 send2 1 4
2 1,2,2,0,0 recv2 1
3 0,0,1,3,0 send2 0 5
4 0,0,1,3,2 recv2 0
4 0,0,1,3,3 send1 4 6
0 2,0,1,3,3 recv1 4 6
4 0,0,1,3,4 relay
4 0,0,1,3,5 send2 3 7
0 3,0,1,3,5 recv2 3
0 4,0,1,3,5 active 4
0 5,0,1,3,5 send2 4 8
1 5,3,1,3,5 recv2 4
1 5,4,1,3,5 relay
1 5,5,1,3,5 send1 2 9
2 5,5,3,3,5 recv1 2 9
2 5,5,4,3,5 send2 2 10
3 5,5,4,4,5 recv2 2
3 5,5,4,5,5 relay
2 5,5,5,3,5 active 2
2 5,5,6,3,5 send1 2 11
3 5,5,6,6,5 recv1 2 11
3 5,5,6,7,5 fwd1 2 12
4 5,5,6,7,6 recv1 2 12
4 5,5,6,7,7 fwd1 2 13
0 6,5,6,7,7 recv1 2 13
0 7,5,6,7,7 send2 2 14
1 7,6,6,7,7 recv2 2
1 7,7,6,7,7 fwd2 2 15
2 7,7,7,7,7 recv2 2
0 8,5,6,7,7 send1 4 16
1 8,8,6,7,7 recv1 4 16
1 8,9,6,7,7 fwd1 4 17
2 8,9,8,7,7 recv1 4 17
2 8,9,9,7,7 active 4
2 8,9,10,7,7 send2 4 18
3 8,9,10,8,7 recv2 4
3 8,9,10,9,7 fwd2 4 19
4 8,9,10,9,8 recv2 4
4 8,9,10,9,9 fwd2 4 20
0 9,9,10,9,9 recv2 4
0 10,9,10,9,9 relay
2 8,9,11,7,7 send1 4 21
3 8,9,11,10,7 recv1 4 21
3 8,9,11,11,7 fwd1 4 22
4 8,9,11,11,10 recv1 4 22
4 8,9,11,11,11 fwd1 4 23
0 11,9,11,11,11 recv1 4 23
0 12,9,11,11,11 fwd1 4 24
1 12,10,11,11,11 recv1 4 24
1 12,11,11,11,11 fwd1 4 25
2 12,11,12,11,11 recv1 4 25
2 12,11,13,11,11 leader 4
