3 0,0,0,1,0 send 1 0 3 1
4 0,0,0,0,1 send 1 0 0 2
0 1,0,0,0,1 recv 1 0 0 2
2 0,0,1,0,0 send 1 0 2 3
3 0,0,1,2,0 recv 1 0 2 3
0 2,0,0,0,1 send 1 0 1 4
1 0,1,0,0,0 send 1 0 4 5
0 3,0,0,0,1 send 2 0 0 6
1 3,2,0,0,1 recv 1 0 1 4
3 0,0,1,3,0 send 2 0 2 7
4 0,0,1,3,2 recv 1 0 3 1
2 3,2,2,0,1 recv 1 0 4 5
1 3,3,0,0,1 recv 2 0 0 6
2 3,2,3,0,1 send 2 0 4 8
4 0,0,1,3,3 recv 2 0 2 7
1 3,4,0,0,1 send 2 0 1 9
4 0,0,1,3,4 send 2 0 3 10
3 3,2,3,4,1 recv 2 0 4 8
3 3,2,3,5,1 relay
3 3,2,3,5,1 round-done 0
0 4,0,1,3,4 recv 2 0 3 10
1 3,5,0,0,1 relay
1 3,5,0,0,1 round-done 0
2 3,5,4,0,1 recv 2 0 1 9
4 0,0,1,3,5 active 3
4 0,0,1,3,5 round-done 0
0 5,0,1,3,4 relay
0 5,0,1,3,4 round-done 0
2 3,5,5,0,1 active 4
2 3,5,5,0,1 round-done 0
4 0,0,1,3,6 send 1 1 3 11
2 3,5,6,0,1 send 1 1 4 12
0 6,0,1,3,6 recv 1 1 3 11
0 7,0,1,3,6 send 1 1 3 13
3 3,5,6,6,1 recv 1 1 4 12
3 3,5,6,7,1 send 1 1 4 14
1 7,6,1,3,6 recv 1 1 3 13
1 7,7,1,3,6 send 1 1 3 15
2 7,7,7,3,6 recv 1 1 3 15
2 7,7,8,3,6 send 2 1 3 16
3 7,7,8,8,6 recv 2 1 3 16
3 7,7,8,9,6 send 2 1 3 17
4 7,7,8,9,7 recv 1 1 4 14
4 7,7,8,9,8 send 2 1 4 18
4 7,7,8,9,9 recv 2 1 3 17
0 8,7,8,9,9 recv 2 1 4 18
0 9,7,8,9,9 send 2 1 4 19
1 9,8,8,9,9 recv 2 1 4 19
1 9,9,8,9,9 send 2 1 4 20
4 7,7,8,9,10 active 4
4 7,7,8,9,10 round-done 1
2 9,9,9,9,9 recv 2 1 4 20
2 9,9,10,9,9 relay
2 9,9,10,9,9 round-done 1
4 7,7,8,9,11 send 1 2 4 21
0 10,7,8,9,11 recv 1 2 4 21
0 11,7,8,9,11 send 1 2 4 22
1 11,10,8,9,11 recv 1 2 4 22
1 11,11,8,9,11 send 1 2 4 23
2 11,11,11,9,11 recv 1 2 4 23
2 11,11,12,9,11 send 1 2 4 24
3 11,11,12,10,11 recv 1 2 4 24
3 11,11,12,11,11 send 1 2 4 25
4 11,11,12,11,12 recv 1 2 4 25
4 11,11,12,11,13 leader 4
