4 0,0,0,0,1 send1 3 1
0 1,0,0,0,1 recv1 3 1
3 0,0,0,1,0 send1 2 2
4 0,0,0,1,2 recv1 2 2
4 0,0,0,1,3 send2 2 3
0 2,0,0,1,3 recv2 2
1 0,1,0,0,0 send1 1 4
2 0,1,1,0,0 recv1 1 4
0 3,0,0,1,3 send2 3 5
1 3,2,0,1,3 recv2 3
2 0,1,2,0,0 send1 4 6
3 0,1,2,2,0 recv1 4 6
3 0,1,2,3,0 send2 4 7
4 0,1,2,3,4 recv2 4
2 0,1,3,0,0 send2 1 8
3 0,1,3,4,0 recv2 1
4 0,1,2,3,5 relay
0 4,0,0,1,3 send1 0 9
1 4,3,0,1,3 recv1 0 9
1 4,4,0,1,3 send2 0 10
2 4,4,4,1,3 recv2 0
2 4,4,5,1,3 relay
3 0,1,3,5,0 active 4
0 5,0,0,1,3 active 3
1 4,5,0,1,3 relay
0 6,0,0,1,3 send1 3 11
1 6,6,0,1,3 recv1 3 11
1 6,7,0,1,3 send1 3 12
2 6,7,6,1,3 recv1 3 12
2 6,7,7,1,3 send1 3 13
3 6,7,7,6,3 recv1 3 13
3 6,7,7,7,3 send1 4 14
4 6,7,7,7,6 recv1 4 14
4 6,7,7,7,7 send1 4 15
0 7,7,7,7,7 recv1 4 15
3 6,7,7,8,3 send2 3 16
4 6,7,7,8,8 recv2 3
4 6,7,7,8,9 send2 3 17
0 8,7,7,8,9 recv2 3
0 9,7,7,8,9 send2 4 18
1 9,8,7,8,9 recv2 4
1 9,9,7,8,9 send2 4 19
2 9,9,8,8,9 recv2 4
2 9,9,9,8,9 send2 4 20
3 9,9,9,9,9 recv2 4
0 10,7,7,8,9 active 4
3 9,9,9,10,9 relay
0 11,7,7,8,9 send1 4 21
1 11,10,7,8,9 recv1 4 21
1 11,11,7,8,9 send1 4 22
2 11,11,10,8,9 recv1 4 22
2 11,11,11,8,9 send1 4 23
3 11,11,11,11,9 recv1 4 23
3 11,11,11,12,9 send1 4 24
4 11,11,11,12,10 recv1 4 24
4 11,11,11,12,11 send1 4 25
0 12,11,11,12,11 recv1 4 25
0 13,11,11,12,11 leader 4
