4 0,0,0,0,1 send 1 0 0 1
0 1,0,0,0,1 recv 1 0 0 1
1 0,1,0,0,0 send 1 0 4 2
0 2,0,0,0,1 send 1 0 3 3
2 0,1,1,0,0 recv 1 0 4 2
0 3,0,0,0,1 send 2 0 0 4
2 0,1,2,0,0 send 2 0 4 5
3 0,1,2,1,0 recv 2 0 4 5
2 0,1,3,0,0 send 1 0 1 6
1 3,2,0,0,1 recv 1 0 3 3
1 3,3,0,0,1 send 2 0 3 7
2 3,3,4,0,1 recv 2 0 3 7
3 0,1,2,2,0 send 1 0 2 8
2 3,3,5,0,1 active 4
2 3,3,5,0,1 round-done 0
1 3,4,0,0,1 recv 2 0 0 4
1 3,5,0,0,1 relay
1 3,5,0,0,1 round-done 0
4 0,1,2,2,2 recv 1 0 2 8
4 0,1,2,2,3 send 2 0 2 9
3 3,3,5,3,1 recv 1 0 1 6
0 4,1,2,2,3 recv 2 0 2 9
3 3,3,5,4,1 send 2 0 1 10
0 5,1,2,2,3 relay
0 5,1,2,2,3 round-done 0
4 3,3,5,4,4 recv 2 0 1 10
3 3,3,5,5,1 relay
3 3,3,5,5,1 round-done 0
4 3,3,5,4,5 active 2
4 3,3,5,4,5 round-done 0
4 3,3,5,4,6 send 1 1 2 11
0 6,3,5,4,6 recv 1 1 2 11
0 7,3,5,4,6 send 1 1 2 12
1 7,6,5,4,6 recv 1 1 2 12
1 7,7,5,4,6 send 1 1 2 13
2 7,7,6,4,6 recv 1 1 2 13
2 7,7,7,4,6 send 2 1 2 14
2 7,7,8,4,6 send 1 1 4 15
3 7,7,8,6,6 recv 2 1 2 14
3 7,7,8,7,6 send 2 1 2 16
4 7,7,8,7,7 recv 2 1 2 16
3 7,7,8,8,6 recv 1 1 4 15
3 7,7,8,9,6 send 1 1 4 17
4 7,7,8,9,8 recv 1 1 4 17
4 7,7,8,9,9 send 2 1 4 18
4 7,7,8,9,10 active 4
4 7,7,8,9,10 round-done 1
0 8,7,8,9,10 recv 2 1 4 18
0 9,7,8,9,10 send 2 1 4 19
1 9,8,8,9,10 recv 2 1 4 19
1 9,9,8,9,10 send 2 1 4 20
2 9,9,9,9,10 recv 2 1 4 20
2 9,9,10,9,10 relay
2 9,9,10,9,10 round-done 1
4 7,7,8,9,11 send 1 2 4 21
0 10,7,8,9,11 recv 1 2 4 21
0 11,7,8,9,11 send 1 2 4 22
1 11,10,8,9,11 recv 1 2 4 22
1 11,11,8,9,11 send 1 2 4 23
2 11,11,11,9,11 recv 1 2 4 23
2 11,11,12,9,11 send 1 2 4 24
3 11,11,12,10,11 recv 1 2 4 24
3 11,11,12,11,11 send 1 2 4 25
4 11,11,12,11,12 recv 1 2 4 25
4 11,11,12,11,13 leader 4
