2 0,0,1,0,0 send 1 0 2 1
0 1,0,0,0,0 send 1 0 1 2
3 0,0,1,1,0 recv 1 0 2 1
1 0,1,0,0,0 send 1 0 3 3
3 0,0,1,2,0 send 2 0 2 4
2 0,1,2,0,0 recv 1 0 3 3
4 0,0,0,0,1 send 1 0 4 5
2 0,1,3,0,0 send 2 0 3 6
3 0,1,3,3,0 recv 2 0 3 6
0 2,0,0,0,1 recv 1 0 4 5
1 2,2,0,0,1 recv 1 0 1 2
3 0,1,3,4,0 send 1 0 0 7
4 0,1,3,4,2 recv 2 0 2 4
0 3,0,0,0,1 send 2 0 4 8
1 3,3,0,0,1 recv 2 0 4 8
3 0,1,3,5,0 relay
3 0,1,3,5,0 round-done 0
4 0,1,3,5,3 recv 1 0 0 7
1 3,4,0,0,1 send 2 0 1 9
2 3,4,4,0,1 recv 2 0 1 9
4 0,1,3,5,4 send 2 0 0 10
0 4,1,3,5,4 recv 2 0 0 10
1 3,5,0,0,1 relay
1 3,5,0,0,1 round-done 0
0 5,1,3,5,4 active 4
0 5,1,3,5,4 round-done 0
2 3,4,5,0,1 active 3
2 3,4,5,0,1 round-done 0
4 0,1,3,5,5 relay
4 0,1,3,5,5 round-done 0
0 6,1,3,5,4 send 1 1 4 11
1 6,6,3,5,4 recv 1 1 4 11
1 6,7,3,5,4 send 1 1 4 12
2 6,7,6,5,4 recv 1 1 4 12
2 6,7,7,5,4 send 2 1 4 13
2 6,7,8,5,4 send 1 1 3 14
3 6,7,8,6,4 recv 2 1 4 13
3 6,7,8,7,4 send 2 1 4 15
4 6,7,8,7,6 recv 2 1 4 15
4 6,7,8,7,7 send 2 1 4 16
3 6,7,8,8,4 recv 1 1 3 14
3 6,7,8,9,4 send 1 1 3 17
4 6,7,8,9,8 recv 1 1 3 17
4 6,7,8,9,9 send 1 1 3 18
0 7,7,8,9,9 recv 2 1 4 16
0 8,7,8,9,9 recv 1 1 3 18
0 9,7,8,9,9 send 2 1 3 19
0 10,7,8,9,9 relay
0 10,7,8,9,9 round-done 1
1 10,8,8,9,9 recv 2 1 3 19
1 10,9,8,9,9 send 2 1 3 20
2 10,9,9,9,9 recv 2 1 3 20
2 10,9,10,9,9 active 4
2 10,9,10,9,9 round-done 1
2 10,9,11,9,9 send 1 2 4 21
3 10,9,11,10,9 recv 1 2 4 21
3 10,9,11,11,9 send 1 2 4 22
4 10,9,11,11,10 recv 1 2 4 22
4 10,9,11,11,11 send 1 2 4 23
0 11,9,11,11,11 recv 1 2 4 23
0 12,9,11,11,11 send 1 2 4 24
1 12,10,11,11,11 recv 1 2 4 24
1 12,11,11,11,11 send 1 2 4 25
2 12,11,12,11,11 recv 1 2 4 25
2 12,11,13,11,11 leader 4
