1 0,1,0,0,0 send 1 0 4 1
4 0,0,0,0,1 send 1 0 0 2
2 0,1,1,0,0 recv 1 0 4 1
0 1,0,0,0,0 send 1 0 3 3
3 0,0,0,1,0 send 1 0 1 4
2 0,1,2,0,0 send 2 0 4 5
0 2,0,0,0,1 recv 1 0 0 2
2 0,1,3,0,0 send 1 0 2 6
0 3,0,0,0,1 send 2 0 0 7
3 0,1,3,2,0 recv 2 0 4 5
1 3,2,0,0,1 recv 1 0 3 3
3 0,1,3,3,0 recv 1 0 2 6
1 3,3,0,0,1 recv 2 0 0 7
1 3,4,0,0,1 send 2 0 3 8
3 0,1,3,4,0 send 2 0 2 9
2 3,4,4,0,1 recv 2 0 3 8
1 3,5,0,0,1 relay
1 3,5,0,0,1 round-done 0
4 0,1,3,4,2 recv 1 0 1 4
3 0,1,3,5,0 relay
3 0,1,3,5,0 round-done 0
2 3,4,5,0,1 active 4
2 3,4,5,0,1 round-done 0
4 0,1,3,4,3 send 2 0 1 10
0 4,1,3,4,3 recv 2 0 1 10
4 0,1,3,5,4 recv 2 0 2 9
0 5,1,3,4,3 relay
0 5,1,3,4,3 round-done 0
4 0,1,3,5,5 relay
4 0,1,3,5,5 round-done 0
2 3,4,6,0,1 send 1 1 4 11
3 3,4,6,6,1 recv 1 1 4 11
3 3,4,6,7,1 send 1 1 4 12
4 3,4,6,7,6 recv 1 1 4 12
4 3,4,6,7,7 send 1 1 4 13
0 6,4,6,7,7 recv 1 1 4 13
0 7,4,6,7,7 send 1 1 4 14
1 7,6,6,7,7 recv 1 1 4 14
1 7,7,6,7,7 send 1 1 4 15
2 7,7,7,7,7 recv 1 1 4 15
2 7,7,8,7,7 leader 4
