4 0,0,0,0,1 send 1 0 3 1
0 1,0,0,0,1 recv 1 0 3 1
2 0,0,1,0,0 send 1 0 0 2
3 0,0,1,1,0 recv 1 0 0 2
0 2,0,0,0,1 send 2 0 3 3
0 3,0,0,0,1 send 1 0 2 4
3 0,0,1,2,0 send 1 0 1 5
4 0,0,1,2,2 recv 1 0 1 5
1 3,1,0,0,1 recv 2 0 3 3
3 0,0,1,3,0 send 2 0 0 6
1 3,2,0,0,1 send 1 0 4 7
2 3,2,2,0,1 recv 1 0 4 7
4 0,0,1,2,3 send 2 0 1 8
1 3,3,0,0,1 recv 1 0 2 4
0 4,0,1,2,3 recv 2 0 1 8
2 3,2,3,0,1 send 2 0 4 9
4 0,0,1,3,4 recv 2 0 0 6
0 5,0,1,2,3 active 3
0 5,0,1,2,3 round-done 0
3 3,2,3,4,1 recv 2 0 4 9
1 3,4,0,0,1 send 2 0 2 10
4 0,0,1,3,5 relay
4 0,0,1,3,5 round-done 0
3 3,2,3,5,1 relay
3 3,2,3,5,1 round-done 0
2 3,4,4,0,1 recv 2 0 2 10
1 3,5,0,0,1 relay
1 3,5,0,0,1 round-done 0
2 3,4,5,0,1 active 4
2 3,4,5,0,1 round-done 0
2 3,4,6,0,1 send 1 1 4 11
0 6,0,1,2,3 send 1 1 3 12
3 3,4,6,6,1 recv 1 1 4 11
3 3,4,6,7,1 send 1 1 4 13
4 3,4,6,7,6 recv 1 1 4 13
4 3,4,6,7,7 send 1 1 4 14
1 6,6,1,2,3 recv 1 1 3 12
1 6,7,1,2,3 send 1 1 3 15
2 6,7,7,2,3 recv 1 1 3 15
2 6,7,8,2,3 send 2 1 3 16
3 6,7,8,8,3 recv 2 1 3 16
3 6,7,8,9,3 send 2 1 3 17
0 7,4,6,7,7 recv 1 1 4 14
4 6,7,8,9,8 recv 2 1 3 17
4 6,7,8,9,9 send 2 1 3 18
0 8,4,6,7,7 send 2 1 4 19
1 8,8,6,7,7 recv 2 1 4 19
1 8,9,6,7,7 send 2 1 4 20
2 8,9,9,7,7 recv 2 1 4 20
0 9,7,8,9,9 recv 2 1 3 18
2 8,9,10,7,7 relay
2 8,9,10,7,7 round-done 1
0 10,7,8,9,9 active 4
0 10,7,8,9,9 round-done 1
0 11,7,8,9,9 send 1 2 4 21
1 11,10,8,9,9 recv 1 2 4 21
1 11,11,8,9,9 send 1 2 4 22
2 11,11,11,9,9 recv 1 2 4 22
2 11,11,12,9,9 send 1 2 4 23
3 11,11,12,10,9 recv 1 2 4 23
3 11,11,12,11,9 send 1 2 4 24
4 11,11,12,11,10 recv 1 2 4 24
4 11,11,12,11,11 send 1 2 4 25
0 12,11,12,11,11 recv 1 2 4 25
0 13,11,12,11,11 leader 4
