2 0,0,1,0,0 send 1 0 1 1
3 0,0,0,1,0 send 1 0 2 2
4 0,0,0,1,1 recv 1 0 2 2
1 0,1,0,0,0 send 1 0 0 3
3 0,0,1,2,0 recv 1 0 1 1
2 0,1,2,0,0 recv 1 0 0 3
4 0,0,0,1,2 send 2 0 2 4
0 1,0,0,1,2 recv 2 0 2 4
4 0,0,0,1,3 send 1 0 3 5
2 0,1,3,0,0 send 2 0 0 6
3 0,0,1,3,0 send 2 0 1 7
3 0,1,3,4,0 recv 2 0 0 6
0 2,0,0,1,2 send 1 0 4 8
1 2,2,0,1,2 recv 1 0 4 8
4 0,1,3,4,4 recv 2 0 1 7
4 0,1,3,4,5 relay
4 0,1,3,4,5 round-done 0
3 0,1,3,5,0 relay
3 0,1,3,5,0 round-done 0
1 2,3,0,1,2 send 2 0 4 9
2 2,3,4,1,2 recv 2 0 4 9
0 3,1,3,4,5 recv 1 0 3 5
0 4,1,3,4,5 send 2 0 3 10
2 2,3,5,1,2 relay
2 2,3,5,1,2 round-done 0
1 4,4,3,4,5 recv 2 0 3 10
0 5,1,3,4,5 relay
0 5,1,3,4,5 round-done 0
1 4,5,3,4,5 active 4
1 4,5,3,4,5 round-done 0
1 4,6,3,4,5 send 1 1 4 11
2 4,6,6,4,5 recv 1 1 4 11
2 4,6,7,4,5 send 1 1 4 12
3 4,6,7,6,5 recv 1 1 4 12
3 4,6,7,7,5 send 1 1 4 13
4 4,6,7,7,6 recv 1 1 4 13
4 4,6,7,7,7 send 1 1 4 14
0 6,6,7,7,7 recv 1 1 4 14
0 7,6,7,7,7 send 1 1 4 15
1 7,7,7,7,7 recv 1 1 4 15
1 7,8,7,7,7 leader 4
