1 0,1,0,0,0 send 1 0 3 1
2 0,0,1,0,0 send 1 0 1 2
4 0,0,0,0,1 send 1 0 2 3
3 0,0,1,1,0 recv 1 0 1 2
0 1,0,0,0,0 send 1 0 0 4
2 0,1,2,0,0 recv 1 0 3 1
2 0,1,3,0,0 send 2 0 3 5
3 0,1,3,2,0 recv 2 0 3 5
3 0,1,3,3,0 send 1 0 4 6
0 2,0,0,0,1 recv 1 0 2 3
0 3,0,0,0,1 send 2 0 2 7
3 0,1,3,4,0 send 2 0 1 8
3 0,1,3,5,0 relay
3 0,1,3,5,0 round-done 0
1 3,2,0,0,1 recv 1 0 0 4
4 0,1,3,5,2 recv 1 0 4 6
1 3,3,0,0,1 send 2 0 0 9
2 3,3,4,0,1 recv 2 0 0 9
1 3,4,0,0,1 recv 2 0 2 7
4 0,1,3,5,3 send 2 0 4 10
2 3,3,5,0,1 active 3
2 3,3,5,0,1 round-done 0
4 0,1,3,5,4 recv 2 0 1 8
1 3,5,0,0,1 relay
1 3,5,0,0,1 round-done 0
0 4,1,3,5,4 recv 2 0 4 10
4 0,1,3,5,5 active 4
4 0,1,3,5,5 round-done 0
0 5,1,3,5,4 relay
0 5,1,3,5,4 round-done 0
2 3,3,6,0,1 send 1 1 3 11
3 3,3,6,6,1 recv 1 1 3 11
3 3,3,6,7,1 send 1 1 3 12
4 3,3,6,7,6 recv 1 1 3 12
4 3,3,6,7,7 send 2 1 3 13
0 6,3,6,7,7 recv 2 1 3 13
0 7,3,6,7,7 send 2 1 3 14
4 3,3,6,7,8 send 1 1 4 15
0 8,3,6,7,8 recv 1 1 4 15
0 9,3,6,7,8 send 1 1 4 16
1 9,6,6,7,8 recv 2 1 3 14
1 9,7,6,7,8 send 2 1 3 17
1 9,8,6,7,8 recv 1 1 4 16
1 9,9,6,7,8 send 1 1 4 18
2 9,9,7,7,8 recv 2 1 3 17
2 9,9,8,7,8 recv 1 1 4 18
2 9,9,9,7,8 send 2 1 4 19
3 9,9,9,8,8 recv 2 1 4 19
3 9,9,9,9,8 send 2 1 4 20
2 9,9,10,7,8 active 4
2 9,9,10,7,8 round-done 1
4 9,9,9,9,9 recv 2 1 4 20
4 9,9,9,9,10 relay
4 9,9,9,9,10 round-done 1
2 9,9,11,7,8 send 1 2 4 21
3 9,9,11,10,8 recv 1 2 4 21
3 9,9,11,11,8 send 1 2 4 22
4 9,9,11,11,11 recv 1 2 4 22
4 9,9,11,11,12 send 1 2 4 23
0 10,9,11,11,12 recv 1 2 4 23
0 11,9,11,11,12 send 1 2 4 24
1 11,10,11,11,12 recv 1 2 4 24
1 11,11,11,11,12 send 1 2 4 25
2 11,11,12,11,12 recv 1 2 4 25
2 11,11,13,11,12 leader 4
