1 0,1,0,0,0 send 1 0 4 1
0 1,0,0,0,0 send 1 0 1 2
3 0,0,0,1,0 send 1 0 0 3
1 1,2,0,0,0 recv 1 0 1 2
2 1,2,1,0,0 recv 1 0 4 1
2 1,2,2,0,0 send 2 0 4 4
4 0,0,0,0,1 send 1 0 3 5
0 2,0,0,0,1 recv 1 0 3 5
1 1,3,0,0,0 send 2 0 1 6
2 1,2,3,0,0 send 1 0 2 7
0 3,0,0,0,1 send 2 0 3 8
1 3,4,0,0,1 recv 2 0 3 8
2 3,4,4,0,1 recv 2 0 1 6
1 3,5,0,0,1 relay
1 3,5,0,0,1 round-done 0
2 3,4,5,0,1 active 4
2 3,4,5,0,1 round-done 0
4 0,0,0,1,2 recv 1 0 0 3
3 3,4,5,2,1 recv 2 0 4 4
4 0,0,0,1,3 send 2 0 0 9
0 4,0,0,1,3 recv 2 0 0 9
3 3,4,5,3,1 recv 1 0 2 7
0 5,0,0,1,3 active 3
0 5,0,0,1,3 round-done 0
3 3,4,5,4,1 send 2 0 2 10
4 3,4,5,4,4 recv 2 0 2 10
4 3,4,5,4,5 relay
4 3,4,5,4,5 round-done 0
3 3,4,5,5,1 relay
3 3,4,5,5,1 round-done 0
0 6,0,0,1,3 send 1 1 3 11
1 6,6,0,1,3 recv 1 1 3 11
1 6,7,0,1,3 send 1 1 3 12
2 3,4,6,0,1 send 1 1 4 13
3 3,4,6,6,1 recv 1 1 4 13
3 3,4,6,7,1 send 1 1 4 14
2 6,7,7,1,3 recv 1 1 3 12
4 3,4,6,7,6 recv 1 1 4 14
4 3,4,6,7,7 send 1 1 4 15
2 6,7,8,1,3 send 2 1 3 16
3 6,7,8,8,3 recv 2 1 3 16
3 6,7,8,9,3 send 2 1 3 17
0 7,4,6,7,7 recv 1 1 4 15
0 8,4,6,7,7 send 2 1 4 18
4 6,7,8,9,8 recv 2 1 3 17
4 6,7,8,9,9 send 2 1 3 19
0 9,7,8,9,9 recv 2 1 3 19
1 9,8,8,9,9 recv 2 1 4 18
1 9,9,8,9,9 send 2 1 4 20
2 9,9,9,9,9 recv 2 1 4 20
0 10,7,8,9,9 active 4
0 10,7,8,9,9 round-done 1
2 9,9,10,9,9 relay
2 9,9,10,9,9 round-done 1
0 11,7,8,9,9 send 1 2 4 21
1 11,10,8,9,9 recv 1 2 4 21
1 11,11,8,9,9 send 1 2 4 22
2 11,11,11,9,9 recv 1 2 4 22
2 11,11,12,9,9 send 1 2 4 23
3 11,11,12,10,9 recv 1 2 4 23
3 11,11,12,11,9 send 1 2 4 24
4 11,11,12,11,10 recv 1 2 4 24
4 11,11,12,11,11 send 1 2 4 25
0 12,11,12,11,11 recv 1 2 4 25
0 13,11,12,11,11 leader 4
