4 0,0,0,0,1 send 1 0 1 1
0 1,0,0,0,1 recv 1 0 1 1
1 0,1,0,0,0 send 1 0 0 2
2 0,0,1,0,0 send 1 0 4 3
0 2,0,0,0,1 send 1 0 3 4
1 2,2,0,0,1 recv 1 0 3 4
2 2,2,2,0,1 recv 1 0 0 2
0 3,0,0,0,1 send 2 0 1 5
1 2,3,0,0,1 send 2 0 3 6
3 2,2,2,1,1 recv 1 0 4 3
2 2,3,3,0,1 recv 2 0 3 6
2 2,3,4,0,1 send 2 0 0 7
3 2,3,4,2,1 recv 2 0 0 7
1 3,4,0,0,1 recv 2 0 1 5
1 3,5,0,0,1 active 3
1 3,5,0,0,1 round-done 0
2 2,3,5,0,1 relay
2 2,3,5,0,1 round-done 0
3 2,3,4,3,1 send 1 0 2 8
3 2,3,4,4,1 send 2 0 4 9
4 2,3,4,4,2 recv 1 0 2 8
4 2,3,4,4,3 send 2 0 2 10
3 2,3,4,5,1 active 4
3 2,3,4,5,1 round-done 0
0 4,3,4,4,3 recv 2 0 2 10
0 5,3,4,4,3 relay
0 5,3,4,4,3 round-done 0
4 2,3,4,5,4 recv 2 0 4 9
4 2,3,4,5,5 relay
4 2,3,4,5,5 round-done 0
1 3,6,0,0,1 send 1 1 3 11
2 3,6,6,0,1 recv 1 1 3 11
2 3,6,7,0,1 send 1 1 3 12
3 3,6,7,6,1 recv 1 1 3 12
3 3,6,7,7,1 send 1 1 4 13
4 3,6,7,7,6 recv 1 1 4 13
4 3,6,7,7,7 send 1 1 4 14
3 3,6,7,8,1 send 2 1 3 15
4 3,6,7,8,8 recv 2 1 3 15
4 3,6,7,8,9 send 2 1 3 16
0 6,6,7,8,9 recv 1 1 4 14
0 7,6,7,8,9 send 1 1 4 17
0 8,6,7,8,9 recv 2 1 3 16
0 9,6,7,8,9 send 2 1 3 18
1 9,7,7,8,9 recv 1 1 4 17
1 9,8,7,8,9 send 2 1 4 19
2 9,8,8,8,9 recv 2 1 4 19
2 9,8,9,8,9 send 2 1 4 20
3 9,8,9,9,9 recv 2 1 4 20
1 9,9,7,8,9 recv 2 1 3 18
1 9,10,7,8,9 active 4
1 9,10,7,8,9 round-done 1
3 9,8,9,10,9 relay
3 9,8,9,10,9 round-done 1
1 9,11,7,8,9 send 1 2 4 21
2 9,11,10,8,9 recv 1 2 4 21
2 9,11,11,8,9 send 1 2 4 22
3 9,11,11,11,9 recv 1 2 4 22
3 9,11,11,12,9 send 1 2 4 23
4 9,11,11,12,10 recv 1 2 4 23
4 9,11,11,12,11 send 1 2 4 24
0 10,11,11,12,11 recv 1 2 4 24
0 11,11,11,12,11 send 1 2 4 25
1 11,12,11,12,11 recv 1 2 4 25
1 11,13,11,12,11 leader 4
