4 0,0,0,0,1 send 1 0 4 1
0 1,0,0,0,0 send 1 0 1 2
1 0,1,0,0,0 send 1 0 0 3
2 0,1,1,0,0 recv 1 0 0 3
1 1,2,0,0,0 recv 1 0 1 2
3 0,0,0,1,0 send 1 0 2 4
2 0,1,2,0,0 send 1 0 3 5
1 1,3,0,0,0 send 2 0 1 6
4 0,0,0,1,2 recv 1 0 2 4
3 0,1,2,2,0 recv 1 0 3 5
4 0,0,0,1,3 send 2 0 2 7
0 2,0,0,1,3 recv 1 0 4 1
2 0,1,3,0,0 send 2 0 0 8
2 1,3,4,0,0 recv 2 0 1 6
3 0,1,2,3,0 send 2 0 3 9
0 3,0,0,1,3 recv 2 0 2 7
3 1,3,4,4,0 recv 2 0 0 8
0 4,0,0,1,3 send 2 0 4 10
2 1,3,5,0,0 relay
2 1,3,5,0,0 round-done 0
1 4,4,0,1,3 recv 2 0 4 10
4 1,3,4,4,4 recv 2 0 3 9
4 1,3,4,4,5 relay
4 1,3,4,4,5 round-done 0
0 5,0,0,1,3 active 4
0 5,0,0,1,3 round-done 0
1 4,5,0,1,3 relay
1 4,5,0,1,3 round-done 0
3 1,3,4,5,0 active 3
3 1,3,4,5,0 round-done 0
3 1,3,4,6,0 send 1 1 3 11
4 1,3,4,6,6 recv 1 1 3 11
4 1,3,4,6,7 send 1 1 3 12
0 6,0,0,1,3 send 1 1 4 13
0 7,3,4,6,7 recv 1 1 3 12
1 7,6,4,6,7 recv 1 1 4 13
1 7,7,4,6,7 send 1 1 4 14
2 7,7,6,6,7 recv 1 1 4 14
2 7,7,7,6,7 send 1 1 4 15
3 7,7,7,7,7 recv 1 1 4 15
0 8,3,4,6,7 send 2 1 3 16
3 7,7,7,8,7 send 2 1 4 17
4 7,7,7,8,8 recv 2 1 4 17
4 7,7,7,8,9 send 2 1 4 18
1 8,8,4,6,7 recv 2 1 3 16
1 8,9,4,6,7 send 2 1 3 19
2 8,9,8,6,7 recv 2 1 3 19
2 8,9,9,6,7 send 2 1 3 20
0 9,7,7,8,9 recv 2 1 4 18
3 8,9,9,9,7 recv 2 1 3 20
3 8,9,9,10,7 active 4
3 8,9,9,10,7 round-done 1
0 10,7,7,8,9 relay
0 10,7,7,8,9 round-done 1
3 8,9,9,11,7 send 1 2 4 21
4 8,9,9,11,10 recv 1 2 4 21
4 8,9,9,11,11 send 1 2 4 22
0 11,9,9,11,11 recv 1 2 4 22
0 12,9,9,11,11 send 1 2 4 23
1 12,10,9,11,11 recv 1 2 4 23
1 12,11,9,11,11 send 1 2 4 24
2 12,11,10,11,11 recv 1 2 4 24
2 12,11,11,11,11 send 1 2 4 25
3 12,11,11,12,11 recv 1 2 4 25
3 12,11,11,13,11 leader 4
