2 0,0,1,0,0 send 1 0 3 1
3 0,0,1,1,0 recv 1 0 3 1
4 0,0,0,0,1 send 1 0 1 2
3 0,0,1,2,0 send 2 0 3 3
1 0,1,0,0,0 send 1 0 4 4
0 1,0,0,0,0 send 1 0 2 5
3 0,0,1,3,0 send 1 0 0 6
4 0,0,1,3,2 recv 2 0 3 3
1 1,2,0,0,0 recv 1 0 2 5
0 2,0,1,3,2 recv 1 0 1 2
2 1,2,2,0,0 recv 1 0 4 4
0 3,0,1,3,2 send 2 0 1 7
2 1,2,3,0,0 send 2 0 4 8
1 1,3,0,0,0 send 2 0 2 9
3 1,2,3,4,0 recv 2 0 4 8
1 3,4,1,3,2 recv 2 0 1 7
2 3,4,4,3,2 recv 2 0 2 9
4 1,2,3,4,3 recv 1 0 0 6
3 1,2,3,5,0 relay
3 1,2,3,5,0 round-done 0
1 3,5,1,3,2 relay
1 3,5,1,3,2 round-done 0
2 3,4,5,3,2 active 4
2 3,4,5,3,2 round-done 0
4 1,2,3,4,4 send 2 0 0 10
0 4,2,3,4,4 recv 2 0 0 10
4 1,2,3,4,5 relay
4 1,2,3,4,5 round-done 0
0 5,2,3,4,4 relay
0 5,2,3,4,4 round-done 0
2 3,4,6,3,2 send 1 1 4 11
3 3,4,6,6,2 recv 1 1 4 11
3 3,4,6,7,2 send 1 1 4 12
4 3,4,6,7,6 recv 1 1 4 12
4 3,4,6,7,7 send 1 1 4 13
0 6,4,6,7,7 recv 1 1 4 13
0 7,4,6,7,7 send 1 1 4 14
1 7,6,6,7,7 recv 1 1 4 14
1 7,7,6,7,7 send 1 1 4 15
2 7,7,7,7,7 recv 1 1 4 15
2 7,7,8,7,7 leader 4
