4 0,0,0,0,1 send 1 0 2 1
0 1,0,0,0,1 recv 1 0 2 1
3 0,0,0,1,0 send 1 0 0 2
4 0,0,0,1,2 recv 1 0 0 2
1 0,1,0,0,0 send 1 0 3 3
0 2,0,0,0,1 send 2 0 2 4
4 0,0,0,1,3 send 2 0 0 5
0 3,0,0,0,1 send 1 0 1 6
1 3,2,0,0,1 recv 2 0 2 4
0 4,0,0,1,3 recv 2 0 0 5
1 4,3,0,1,3 recv 1 0 1 6
0 5,0,0,1,3 active 2
0 5,0,0,1,3 round-done 0
2 4,3,1,1,3 recv 1 0 3 3
2 4,3,2,1,3 send 1 0 4 7
1 4,4,0,1,3 send 2 0 1 8
3 4,3,2,2,3 recv 1 0 4 7
2 4,4,3,1,3 recv 2 0 1 8
1 4,5,0,1,3 relay
1 4,5,0,1,3 round-done 0
3 4,3,2,3,3 send 2 0 4 9
2 4,4,4,1,3 send 2 0 3 10
4 4,3,2,3,4 recv 2 0 4 9
3 4,4,4,4,3 recv 2 0 3 10
2 4,4,5,1,3 relay
2 4,4,5,1,3 round-done 0
4 4,3,2,3,5 relay
4 4,3,2,3,5 round-done 0
3 4,4,4,5,3 active 4
3 4,4,4,5,3 round-done 0
0 6,0,0,1,3 send 1 1 2 11
1 6,6,0,1,3 recv 1 1 2 11
1 6,7,0,1,3 send 1 1 2 12
3 4,4,4,6,3 send 1 1 4 13
2 6,7,6,1,3 recv 1 1 2 12
2 6,7,7,1,3 send 1 1 2 14
4 4,4,4,6,6 recv 1 1 4 13
4 4,4,4,6,7 send 1 1 4 15
3 6,7,7,7,3 recv 1 1 2 14
0 7,4,4,6,7 recv 1 1 4 15
3 6,7,7,8,3 send 2 1 2 16
4 6,7,7,8,8 recv 2 1 2 16
4 6,7,7,8,9 send 2 1 2 17
0 8,7,7,8,9 recv 2 1 2 17
0 9,7,7,8,9 send 2 1 4 18
1 9,8,7,8,9 recv 2 1 4 18
1 9,9,7,8,9 send 2 1 4 19
2 9,9,8,8,9 recv 2 1 4 19
2 9,9,9,8,9 send 2 1 4 20
0 10,7,7,8,9 active 4
0 10,7,7,8,9 round-done 1
3 9,9,9,9,9 recv 2 1 4 20
3 9,9,9,10,9 relay
3 9,9,9,10,9 round-done 1
0 11,7,7,8,9 send 1 2 4 21
1 11,10,7,8,9 recv 1 2 4 21
1 11,11,7,8,9 send 1 2 4 22
2 11,11,10,8,9 recv 1 2 4 22
2 11,11,11,8,9 send 1 2 4 23
3 11,11,11,11,9 recv 1 2 4 23
3 11,11,11,12,9 send 1 2 4 24
4 11,11,11,12,10 recv 1 2 4 24
4 11,11,11,12,11 send 1 2 4 25
0 12,11,11,12,11 recv 1 2 4 25
0 13,11,11,12,11 leader 4
