1 0,1,0,0,0 send 1 0 4 1
2 0,0,1,0,0 send 1 0 3 2
2 0,1,2,0,0 recv 1 0 4 1
0 1,0,0,0,0 send 1 0 1 3
4 0,0,0,0,1 send 1 0 0 4
1 1,2,0,0,0 recv 1 0 1 3
1 1,3,0,0,0 send 2 0 1 5
2 0,1,3,0,0 send 2 0 4 6
3 0,0,0,1,0 send 1 0 2 7
0 2,0,0,0,1 recv 1 0 0 4
2 1,3,4,0,0 recv 2 0 1 5
3 1,3,4,2,0 recv 1 0 3 2
0 3,0,0,0,1 send 2 0 0 8
1 3,4,0,0,1 recv 2 0 0 8
2 1,3,5,0,0 active 4
2 1,3,5,0,0 round-done 0
3 1,3,5,3,0 recv 2 0 4 6
1 3,5,0,0,1 relay
1 3,5,0,0,1 round-done 0
3 1,3,5,4,0 send 2 0 3 9
4 1,3,5,4,2 recv 1 0 2 7
4 1,3,5,4,3 send 2 0 2 10
3 1,3,5,5,0 relay
3 1,3,5,5,0 round-done 0
4 1,3,5,5,4 recv 2 0 3 9
0 4,3,5,5,4 recv 2 0 2 10
4 1,3,5,5,5 relay
4 1,3,5,5,5 round-done 0
0 5,3,5,5,4 relay
0 5,3,5,5,4 round-done 0
2 1,3,6,0,0 send 1 1 4 11
3 1,3,6,6,0 recv 1 1 4 11
3 1,3,6,7,0 send 1 1 4 12
4 1,3,6,7,6 recv 1 1 4 12
4 1,3,6,7,7 send 1 1 4 13
0 6,3,6,7,7 recv 1 1 4 13
0 7,3,6,7,7 send 1 1 4 14
1 7,6,6,7,7 recv 1 1 4 14
1 7,7,6,7,7 send 1 1 4 15
2 7,7,7,7,7 recv 1 1 4 15
2 7,7,8,7,7 leader 4
