4 0,0,0,0,1 send 1 0 4 1
0 1,0,0,0,1 recv 1 0 4 1
2 0,0,1,0,0 send 1 0 1 2
1 0,1,0,0,0 send 1 0 3 3
0 2,0,0,0,1 send 2 0 4 4
1 2,2,0,0,1 recv 2 0 4 4
0 3,0,0,0,1 send 1 0 2 5
3 0,0,1,1,0 recv 1 0 1 2
3 0,0,1,2,0 send 1 0 0 6
1 3,3,0,0,1 recv 1 0 2 5
2 3,3,2,0,1 recv 1 0 3 3
3 0,0,1,3,0 send 2 0 1 7
1 3,4,0,0,1 send 2 0 2 8
2 3,3,3,0,1 send 2 0 3 9
3 3,3,3,4,1 recv 2 0 3 9
3 3,3,3,5,1 relay
3 3,3,3,5,1 round-done 0
1 3,5,0,0,1 relay
1 3,5,0,0,1 round-done 0
2 3,5,4,0,1 recv 2 0 2 8
4 3,3,3,5,2 recv 1 0 0 6
2 3,5,5,0,1 active 3
2 3,5,5,0,1 round-done 0
4 3,3,3,5,3 send 2 0 0 10
0 4,3,3,5,3 recv 2 0 0 10
4 3,3,3,5,4 recv 2 0 1 7
0 5,3,3,5,3 active 4
0 5,3,3,5,3 round-done 0
4 3,3,3,5,5 relay
4 3,3,3,5,5 round-done 0
2 3,5,6,0,1 send 1 1 3 11
3 3,5,6,6,1 recv 1 1 3 11
3 3,5,6,7,1 send 1 1 3 12
4 3,5,6,7,6 recv 1 1 3 12
4 3,5,6,7,7 send 1 1 3 13
0 6,3,3,5,3 send 1 1 4 14
1 6,6,3,5,3 recv 1 1 4 14
1 6,7,3,5,3 send 1 1 4 15
2 6,7,7,5,3 recv 1 1 4 15
0 7,5,6,7,7 recv 1 1 3 13
0 8,5,6,7,7 send 2 1 3 16
2 6,7,8,5,3 send 2 1 4 17
1 8,8,6,7,7 recv 2 1 3 16
1 8,9,6,7,7 send 2 1 3 18
2 8,9,9,7,7 recv 2 1 3 18
3 8,9,9,8,7 recv 2 1 4 17
3 8,9,9,9,7 send 2 1 4 19
4 8,9,9,9,8 recv 2 1 4 19
4 8,9,9,9,9 send 2 1 4 20
0 9,9,9,9,9 recv 2 1 4 20
2 8,9,10,7,7 active 4
2 8,9,10,7,7 round-done 1
0 10,9,9,9,9 relay
0 10,9,9,9,9 round-done 1
2 8,9,11,7,7 send 1 2 4 21
3 8,9,11,10,7 recv 1 2 4 21
3 8,9,11,11,7 send 1 2 4 22
4 8,9,11,11,10 recv 1 2 4 22
4 8,9,11,11,11 send 1 2 4 23
0 11,9,11,11,11 recv 1 2 4 23
0 12,9,11,11,11 send 1 2 4 24
1 12,10,11,11,11 recv 1 2 4 24
1 12,11,11,11,11 send 1 2 4 25
2 12,11,12,11,11 recv 1 2 4 25
2 12,11,13,11,11 leader 4
