3 0,0,0,1,0 send 1 0 3 1
4 0,0,0,1,1 recv 1 0 3 1
2 0,0,1,0,0 send 1 0 0 2
3 0,0,1,2,0 recv 1 0 0 2
1 0,1,0,0,0 send 1 0 4 3
0 1,0,0,0,0 send 1 0 1 4
4 0,0,0,1,2 send 2 0 3 5
0 2,0,0,1,2 recv 2 0 3 5
4 0,0,0,1,3 send 1 0 2 6
3 0,0,1,3,0 send 2 0 0 7
1 2,2,0,1,2 recv 1 0 1 4
1 2,3,0,1,2 send 2 0 1 8
2 2,3,2,1,2 recv 1 0 4 3
4 0,0,1,3,4 recv 2 0 0 7
4 0,0,1,3,5 active 3
4 0,0,1,3,5 round-done 0
0 3,0,1,3,5 recv 1 0 2 6
2 2,3,3,1,2 recv 2 0 1 8
2 2,3,4,1,2 send 2 0 4 9
0 4,0,1,3,5 send 2 0 2 10
2 2,3,5,1,2 active 4
2 2,3,5,1,2 round-done 0
0 5,0,1,3,5 relay
0 5,0,1,3,5 round-done 0
3 2,3,5,4,2 recv 2 0 4 9
1 5,4,1,3,5 recv 2 0 2 10
3 2,3,5,5,2 relay
3 2,3,5,5,2 round-done 0
1 5,5,1,3,5 relay
1 5,5,1,3,5 round-done 0
2 2,3,6,1,2 send 1 1 4 11
4 0,0,1,3,6 send 1 1 3 12
3 2,3,6,6,2 recv 1 1 4 11
3 2,3,6,7,2 send 1 1 4 13
0 6,0,1,3,6 recv 1 1 3 12
0 7,0,1,3,6 send 1 1 3 14
4 2,3,6,7,7 recv 1 1 4 13
1 7,6,1,3,6 recv 1 1 3 14
1 7,7,1,3,6 send 1 1 3 15
2 7,7,7,3,6 recv 1 1 3 15
2 7,7,8,3,6 send 2 1 3 16
4 2,3,6,7,8 send 2 1 4 17
3 7,7,8,8,6 recv 2 1 3 16
3 7,7,8,9,6 send 2 1 3 18
0 8,3,6,7,8 recv 2 1 4 17
0 9,3,6,7,8 send 2 1 4 19
4 7,7,8,9,9 recv 2 1 3 18
1 9,8,6,7,8 recv 2 1 4 19
1 9,9,6,7,8 send 2 1 4 20
4 7,7,8,9,10 active 4
4 7,7,8,9,10 round-done 1
2 9,9,9,7,8 recv 2 1 4 20
2 9,9,10,7,8 relay
2 9,9,10,7,8 round-done 1
4 7,7,8,9,11 send 1 2 4 21
0 10,7,8,9,11 recv 1 2 4 21
0 11,7,8,9,11 send 1 2 4 22
1 11,10,8,9,11 recv 1 2 4 22
1 11,11,8,9,11 send 1 2 4 23
2 11,11,11,9,11 recv 1 2 4 23
2 11,11,12,9,11 send 1 2 4 24
3 11,11,12,10,11 recv 1 2 4 24
3 11,11,12,11,11 send 1 2 4 25
4 11,11,12,11,12 recv 1 2 4 25
4 11,11,12,11,13 leader 4
