3 0,0,0,1,0 send 1 0 2 1
4 0,0,0,0,1 send 1 0 0 2
1 0,1,0,0,0 send 1 0 1 3
4 0,0,0,1,2 recv 1 0 2 1
0 1,0,0,0,0 send 1 0 3 4
0 2,0,0,1,2 recv 1 0 0 2
1 2,2,0,1,2 recv 1 0 3 4
4 0,0,0,1,3 send 2 0 2 5
2 0,0,1,0,0 send 1 0 4 6
1 2,3,0,1,2 send 2 0 3 7
0 3,0,0,1,3 recv 2 0 2 5
0 4,0,0,1,3 send 2 0 0 8
1 4,4,0,1,3 recv 2 0 0 8
2 4,4,2,1,3 recv 1 0 1 3
0 5,0,0,1,3 relay
0 5,0,0,1,3 round-done 0
2 4,4,3,1,3 recv 2 0 3 7
1 4,5,0,1,3 active 3
1 4,5,0,1,3 round-done 0
2 4,4,4,1,3 send 2 0 1 9
3 4,4,4,2,3 recv 1 0 4 6
2 4,4,5,1,3 relay
2 4,4,5,1,3 round-done 0
3 4,4,5,3,3 recv 2 0 1 9
3 4,4,5,4,3 send 2 0 4 10
4 4,4,5,4,4 recv 2 0 4 10
3 4,4,5,5,3 active 4
3 4,4,5,5,3 round-done 0
4 4,4,5,4,5 relay
4 4,4,5,4,5 round-done 0
3 4,4,5,6,3 send 1 1 4 11
4 4,4,5,6,6 recv 1 1 4 11
4 4,4,5,6,7 send 1 1 4 12
0 6,4,5,6,7 recv 1 1 4 12
0 7,4,5,6,7 send 1 1 4 13
1 4,6,0,1,3 send 1 1 3 14
1 7,7,5,6,7 recv 1 1 4 13
2 7,7,6,6,7 recv 1 1 3 14
2 7,7,7,6,7 send 1 1 3 15
3 7,7,7,7,7 recv 1 1 3 15
1 7,8,5,6,7 send 2 1 4 16
2 7,8,8,6,7 recv 2 1 4 16
2 7,8,9,6,7 send 2 1 4 17
3 7,8,9,8,7 recv 2 1 4 17
3 7,8,9,9,7 send 2 1 3 18
4 7,8,9,9,8 recv 2 1 3 18
4 7,8,9,9,9 send 2 1 3 19
3 7,8,9,10,7 relay
3 7,8,9,10,7 round-done 1
0 8,8,9,9,9 recv 2 1 3 19
0 9,8,9,9,9 send 2 1 3 20
1 9,9,9,9,9 recv 2 1 3 20
1 9,10,9,9,9 active 4
1 9,10,9,9,9 round-done 1
1 9,11,9,9,9 send 1 2 4 21
2 9,11,10,9,9 recv 1 2 4 21
2 9,11,11,9,9 send 1 2 4 22
3 9,11,11,11,9 recv 1 2 4 22
3 9,11,11,12,9 send 1 2 4 23
4 9,11,11,12,10 recv 1 2 4 23
4 9,11,11,12,11 send 1 2 4 24
0 10,11,11,12,11 recv 1 2 4 24
0 11,11,11,12,11 send 1 2 4 25
1 11,12,11,12,11 recv 1 2 4 25
1 11,13,11,12,11 leader 4
