3 0,0,0,1,0 send 1 0 1 1
4 0,0,0,1,1 recv 1 0 1 1
0 1,0,0,0,0 send 1 0 3 2
4 0,0,0,1,2 send 1 0 2 3
4 0,0,0,1,3 send 2 0 1 4
0 2,0,0,1,3 recv 1 0 2 3
1 0,1,0,0,0 send 1 0 0 5
2 0,1,1,0,0 recv 1 0 0 5
1 2,2,0,1,3 recv 1 0 3 2
0 3,0,0,1,3 recv 2 0 1 4
1 2,3,0,1,3 send 2 0 3 6
2 2,3,2,1,3 recv 2 0 3 6
0 4,0,0,1,3 send 2 0 2 7
0 5,0,0,1,3 relay
0 5,0,0,1,3 round-done 0
1 5,4,0,1,3 recv 2 0 2 7
2 2,3,3,1,3 send 2 0 0 8
3 2,3,3,2,3 recv 2 0 0 8
1 5,5,0,1,3 active 3
1 5,5,0,1,3 round-done 0
2 2,3,4,1,3 send 1 0 4 9
2 2,3,5,1,3 relay
2 2,3,5,1,3 round-done 0
3 2,3,5,3,3 recv 1 0 4 9
3 2,3,5,4,3 send 2 0 4 10
4 2,3,5,4,4 recv 2 0 4 10
3 2,3,5,5,3 active 4
3 2,3,5,5,3 round-done 0
4 2,3,5,4,5 relay
4 2,3,5,4,5 round-done 0
1 5,6,0,1,3 send 1 1 3 11
2 5,6,6,1,3 recv 1 1 3 11
2 5,6,7,1,3 send 1 1 3 12
3 2,3,5,6,3 send 1 1 4 13
3 5,6,7,7,3 recv 1 1 3 12
4 5,6,7,7,6 recv 1 1 4 13
4 5,6,7,7,7 send 1 1 4 14
0 6,6,7,7,7 recv 1 1 4 14
0 7,6,7,7,7 send 1 1 4 15
3 5,6,7,8,3 send 2 1 3 16
4 5,6,7,8,8 recv 2 1 3 16
4 5,6,7,8,9 send 2 1 3 17
0 8,6,7,8,9 recv 2 1 3 17
0 9,6,7,8,9 send 2 1 3 18
1 9,7,7,8,9 recv 1 1 4 15
1 9,8,7,8,9 recv 2 1 3 18
1 9,9,7,8,9 send 2 1 4 19
2 9,9,8,8,9 recv 2 1 4 19
2 9,9,9,8,9 send 2 1 4 20
1 9,10,7,8,9 active 4
1 9,10,7,8,9 round-done 1
3 9,9,9,9,9 recv 2 1 4 20
3 9,9,9,10,9 relay
3 9,9,9,10,9 round-done 1
1 9,11,7,8,9 send 1 2 4 21
2 9,11,10,8,9 recv 1 2 4 21
2 9,11,11,8,9 send 1 2 4 22
3 9,11,11,11,9 recv 1 2 4 22
3 9,11,11,12,9 send 1 2 4 23
4 9,11,11,12,10 recv 1 2 4 23
4 9,11,11,12,11 send 1 2 4 24
0 10,11,11,12,11 recv 1 2 4 24
0 11,11,11,12,11 send 1 2 4 25
1 11,12,11,12,11 recv 1 2 4 25
1 11,13,11,12,11 leader 4
