4 0,0,0,0,1 send 1 0 2 1
1 0,1,0,0,0 send 1 0 4 2
0 1,0,0,0,1 recv 1 0 2 1
2 0,0,1,0,0 send 1 0 3 3
0 2,0,0,0,1 send 1 0 1 4
1 2,2,0,0,1 recv 1 0 1 4
3 0,0,1,1,0 recv 1 0 3 3
0 3,0,0,0,1 send 2 0 2 5
3 0,0,1,2,0 send 1 0 0 6
2 2,2,2,0,1 recv 1 0 4 2
1 3,3,0,0,1 recv 2 0 2 5
3 0,0,1,3,0 send 2 0 3 7
1 3,4,0,0,1 send 2 0 1 8
2 3,4,3,0,1 recv 2 0 1 8
2 3,4,4,0,1 send 2 0 4 9
1 3,5,0,0,1 relay
1 3,5,0,0,1 round-done 0
3 3,4,4,4,1 recv 2 0 4 9
3 3,4,4,5,1 relay
3 3,4,4,5,1 round-done 0
2 3,4,5,0,1 active 4
2 3,4,5,0,1 round-done 0
4 3,4,4,5,2 recv 1 0 0 6
4 3,4,4,5,3 recv 2 0 3 7
4 3,4,4,5,4 send 2 0 0 10
0 4,4,4,5,4 recv 2 0 0 10
0 5,4,4,5,4 active 2
0 5,4,4,5,4 round-done 0
4 3,4,4,5,5 relay
4 3,4,4,5,5 round-done 0
2 3,4,6,0,1 send 1 1 4 11
3 3,4,6,6,1 recv 1 1 4 11
3 3,4,6,7,1 send 1 1 4 12
4 3,4,6,7,6 recv 1 1 4 12
4 3,4,6,7,7 send 1 1 4 13
0 6,4,6,7,7 recv 1 1 4 13
0 7,4,6,7,7 send 1 1 2 14
1 7,6,6,7,7 recv 1 1 2 14
1 7,7,6,7,7 send 1 1 2 15
0 8,4,6,7,7 send 2 1 4 16
2 7,7,7,7,7 recv 1 1 2 15
1 8,8,6,7,7 recv 2 1 4 16
1 8,9,6,7,7 send 2 1 4 17
2 7,7,8,7,7 send 2 1 2 18
3 7,7,8,8,7 recv 2 1 2 18
3 7,7,8,9,7 send 2 1 2 19
2 8,9,9,7,7 recv 2 1 4 17
4 7,7,8,9,8 recv 2 1 2 19
4 7,7,8,9,9 send 2 1 2 20
0 9,7,8,9,9 recv 2 1 2 20
2 8,9,10,7,7 relay
2 8,9,10,7,7 round-done 1
0 10,7,8,9,9 active 4
0 10,7,8,9,9 round-done 1
0 11,7,8,9,9 send 1 2 4 21
1 11,10,8,9,9 recv 1 2 4 21
1 11,11,8,9,9 send 1 2 4 22
2 11,11,11,9,9 recv 1 2 4 22
2 11,11,12,9,9 send 1 2 4 23
3 11,11,12,10,9 recv 1 2 4 23
3 11,11,12,11,9 send 1 2 4 24
4 11,11,12,11,10 recv 1 2 4 24
4 11,11,12,11,11 send 1 2 4 25
0 12,11,12,11,11 recv 1 2 4 25
0 13,11,12,11,11 leader 4
