4 0,0,0,0,1 send1 3 1
0 1,0,0,0,1 recv1 3 1
1 0,1,0,0,0 send1 1 2
2 0,1,1,0,0 recv1 1 2
2 0,1,2,0,0 send1 4 3
3 0,1,2,1,0 recv1 4 3
3 0,1,2,2,0 send1 2 4
4 0,1,2,2,2 recv1 2 4
4 0,1,2,2,3 send2 2 5
0 2,1,2,2,3 recv2 2
0 3,1,2,2,3 active 3
0 4,1,2,2,3 send2 3 6
1 4,2,2,2,3 recv2 3
3 0,1,2,3,0 send2 4 7
4 0,1,2,3,4 recv2 4
2 0,1,3,0,0 send2 1 8
3 0,1,3,4,0 recv2 1
4 0,1,2,3,5 relay
0 5,1,2,2,3 send1 0 9
1 5,3,2,2,3 recv1 0 9
3 0,1,3,5,0 active 4
1 5,4,2,2,3 relay
1 5,5,2,2,3 send2 0 10
2 5,5,4,2,3 recv2 0
2 5,5,5,2,3 relay
3 0,1,3,6,0 send1 4 11
4 0,1,3,6,6 recv1 4 11
4 0,1,3,6,7 fwd1 4 12
0 6,1,3,6,7 recv1 4 12
0 7,1,3,6,7 send2 4 13
1 7,6,3,6,7 recv2 4
1 7,7,3,6,7 fwd2 4 14
2 7,7,6,6,7 recv2 4
2 7,7,7,6,7 fwd2 4 15
3 7,7,7,7,7 recv2 4
0 8,1,3,6,7 send1 3 16
1 8,8,3,6,7 recv1 3 16
1 8,9,3,6,7 fwd1 3 17
2 8,9,8,6,7 recv1 3 17
2 8,9,9,6,7 fwd1 3 18
3 8,9,9,8,7 recv1 3 18
3 8,9,9,9,7 send2 3 19
4 8,9,9,9,8 recv2 3
4 8,9,9,9,9 fwd2 3 20
0 9,9,9,9,9 recv2 3
0 10,9,9,9,9 active 4
3 8,9,9,10,7 relay
0 11,9,9,9,9 send1 4 21
1 11,10,9,9,9 recv1 4 21
1 11,11,9,9,9 fwd1 4 22
2 11,11,10,9,9 recv1 4 22
2 11,11,11,9,9 fwd1 4 23
3 11,11,11,11,9 recv1 4 23
3 11,11,11,12,9 fwd1 4 24
4 11,11,11,12,10 recv1 4 24
4 11,11,11,12,11 fwd1 4 25
0 12,11,11,12,11 recv1 4 25
0 13,11,11,12,11 leader 4
