1 0,1,0,0,0 send 1 0 2 1
2 0,1,1,0,0 recv 1 0 2 1
3 0,0,0,1,0 send 1 0 3 2
0 1,0,0,0,0 send 1 0 4 3
1 1,2,0,0,0 recv 1 0 4 3
4 0,0,0,1,1 recv 1 0 3 2
2 0,1,2,0,0 send 1 0 1 4
1 1,3,0,0,0 send 2 0 4 5
2 0,1,3,0,0 send 2 0 2 6
4 0,0,0,1,2 send 2 0 3 7
4 0,0,0,1,3 send 1 0 0 8
0 2,0,0,1,3 recv 2 0 3 7
2 1,3,4,0,0 recv 2 0 4 5
0 3,0,0,1,3 recv 1 0 0 8
2 1,3,5,0,0 relay
2 1,3,5,0,0 round-done 0
3 1,3,5,2,0 recv 1 0 1 4
3 1,3,5,3,0 send 2 0 1 9
0 4,0,0,1,3 send 2 0 0 10
4 1,3,5,3,4 recv 2 0 1 9
0 5,0,0,1,3 relay
0 5,0,0,1,3 round-done 0
1 5,4,0,1,3 recv 2 0 0 10
3 1,3,5,4,0 recv 2 0 2 6
3 1,3,5,5,0 relay
3 1,3,5,5,0 round-done 0
4 1,3,5,3,5 active 3
4 1,3,5,3,5 round-done 0
1 5,5,0,1,3 active 4
1 5,5,0,1,3 round-done 0
4 1,3,5,3,6 send 1 1 3 11
0 6,3,5,3,6 recv 1 1 3 11
0 7,3,5,3,6 send 1 1 3 12
1 5,6,0,1,3 send 1 1 4 13
2 5,6,6,1,3 recv 1 1 4 13
2 5,6,7,1,3 send 1 1 4 14
3 5,6,7,6,3 recv 1 1 4 14
3 5,6,7,7,3 send 1 1 4 15
4 5,6,7,7,7 recv 1 1 4 15
1 7,7,5,3,6 recv 1 1 3 12
1 7,8,5,3,6 send 2 1 3 16
4 5,6,7,7,8 send 2 1 4 17
0 8,6,7,7,8 recv 2 1 4 17
0 9,6,7,7,8 send 2 1 4 18
1 9,9,7,7,8 recv 2 1 4 18
2 9,9,8,7,8 recv 2 1 3 16
2 9,9,9,7,8 send 2 1 3 19
1 9,10,7,7,8 relay
1 9,10,7,7,8 round-done 1
3 9,9,9,8,8 recv 2 1 3 19
3 9,9,9,9,8 send 2 1 3 20
4 9,9,9,9,9 recv 2 1 3 20
4 9,9,9,9,10 active 4
4 9,9,9,9,10 round-done 1
4 9,9,9,9,11 send 1 2 4 21
0 10,9,9,9,11 recv 1 2 4 21
0 11,9,9,9,11 send 1 2 4 22
1 11,11,9,9,11 recv 1 2 4 22
1 11,12,9,9,11 send 1 2 4 23
2 11,12,10,9,11 recv 1 2 4 23
2 11,12,11,9,11 send 1 2 4 24
3 11,12,11,10,11 recv 1 2 4 24
3 11,12,11,11,11 send 1 2 4 25
4 11,12,11,11,12 recv 1 2 4 25
4 11,12,11,11,13 leader 4
