0 1,0,0,0,0 send 1 0 4 1
4 0,0,0,0,1 send 1 0 0 2
2 0,0,1,0,0 send 1 0 2 3
1 1,1,0,0,0 recv 1 0 4 1
0 2,0,0,0,1 recv 1 0 0 2
3 0,0,0,1,0 send 1 0 1 4
1 1,2,0,0,0 send 2 0 4 5
2 1,2,2,0,0 recv 2 0 4 5
3 1,2,2,2,0 recv 1 0 2 3
0 3,0,0,0,1 send 2 0 0 6
1 1,3,0,0,0 send 1 0 3 7
3 1,2,2,3,0 send 2 0 2 8
1 3,4,0,0,1 recv 2 0 0 6
2 3,4,3,0,1 recv 1 0 3 7
4 1,2,2,3,2 recv 1 0 1 4
2 3,4,4,0,1 send 2 0 3 9
1 3,5,0,0,1 active 4
1 3,5,0,0,1 round-done 0
3 3,4,4,4,1 recv 2 0 3 9
4 1,2,2,3,3 send 2 0 1 10
2 3,4,5,0,1 relay
2 3,4,5,0,1 round-done 0
4 3,4,4,4,4 recv 2 0 2 8
3 3,4,4,5,1 relay
3 3,4,4,5,1 round-done 0
0 4,4,4,4,4 recv 2 0 1 10
0 5,4,4,4,4 relay
0 5,4,4,4,4 round-done 0
4 3,4,4,4,5 relay
4 3,4,4,4,5 round-done 0
1 3,6,0,0,1 send 1 1 4 11
2 3,6,6,0,1 recv 1 1 4 11
2 3,6,7,0,1 send 1 1 4 12
3 3,6,7,6,1 recv 1 1 4 12
3 3,6,7,7,1 send 1 1 4 13
4 3,6,7,7,6 recv 1 1 4 13
4 3,6,7,7,7 send 1 1 4 14
0 6,6,7,7,7 recv 1 1 4 14
0 7,6,7,7,7 send 1 1 4 15
1 7,7,7,7,7 recv 1 1 4 15
1 7,8,7,7,7 leader 4
