1 0,1,0,0,0 send 1 0 0 1
2 0,0,1,0,0 send 1 0 3 2
0 1,0,0,0,0 send 1 0 2 3
4 0,0,0,0,1 send 1 0 4 4
0 2,0,0,0,1 recv 1 0 4 4
3 0,0,1,1,0 recv 1 0 3 2
2 0,1,2,0,0 recv 1 0 0 1
1 2,2,0,0,1 recv 1 0 2 3
1 2,3,0,0,1 send 2 0 2 5
3 0,0,1,2,0 send 2 0 3 6
0 3,0,0,0,1 send 2 0 4 7
2 2,3,3,0,1 recv 2 0 2 5
1 3,4,0,0,1 recv 2 0 4 7
3 0,0,1,3,0 send 1 0 1 8
2 2,3,4,0,1 send 2 0 0 9
2 2,3,5,0,1 relay
2 2,3,5,0,1 round-done 0
3 2,3,5,4,1 recv 2 0 0 9
1 3,5,0,0,1 relay
1 3,5,0,0,1 round-done 0
3 2,3,5,5,1 active 3
3 2,3,5,5,1 round-done 0
4 2,3,5,5,2 recv 2 0 3 6
4 2,3,5,5,3 recv 1 0 1 8
4 2,3,5,5,4 send 2 0 1 10
0 4,3,5,5,4 recv 2 0 1 10
0 5,3,5,5,4 active 4
0 5,3,5,5,4 round-done 0
4 2,3,5,5,5 relay
4 2,3,5,5,5 round-done 0
3 2,3,5,6,1 send 1 1 3 11
4 2,3,5,6,6 recv 1 1 3 11
4 2,3,5,6,7 send 1 1 3 12
0 6,3,5,6,7 recv 1 1 3 12
0 7,3,5,6,7 send 2 1 3 13
0 8,3,5,6,7 send 1 1 4 14
1 8,6,5,6,7 recv 2 1 3 13
1 8,7,5,6,7 send 2 1 3 15
1 8,8,5,6,7 recv 1 1 4 14
1 8,9,5,6,7 send 1 1 4 16
2 8,9,6,6,7 recv 2 1 3 15
2 8,9,7,6,7 send 2 1 3 17
2 8,9,8,6,7 recv 1 1 4 16
2 8,9,9,6,7 send 1 1 4 18
3 8,9,9,7,7 recv 2 1 3 17
3 8,9,9,8,7 recv 1 1 4 18
3 8,9,9,9,7 send 2 1 4 19
4 8,9,9,9,8 recv 2 1 4 19
4 8,9,9,9,9 send 2 1 4 20
3 8,9,9,10,7 active 4
3 8,9,9,10,7 round-done 1
0 9,9,9,9,9 recv 2 1 4 20
0 10,9,9,9,9 relay
0 10,9,9,9,9 round-done 1
3 8,9,9,11,7 send 1 2 4 21
4 8,9,9,11,10 recv 1 2 4 21
4 8,9,9,11,11 send 1 2 4 22
0 11,9,9,11,11 recv 1 2 4 22
0 12,9,9,11,11 send 1 2 4 23
1 12,10,9,11,11 recv 1 2 4 23
1 12,11,9,11,11 send 1 2 4 24
2 12,11,10,11,11 recv 1 2 4 24
2 12,11,11,11,11 send 1 2 4 25
3 12,11,11,12,11 recv 1 2 4 25
3 12,11,11,13,11 leader 4
