1 0,1,0,0,0 send 1 0 1 1
0 1,0,0,0,0 send 1 0 3 2
2 0,1,1,0,0 recv 1 0 1 1
3 0,0,0,1,0 send 1 0 0 3
4 0,0,0,1,1 recv 1 0 0 3
2 0,1,2,0,0 send 1 0 4 4
1 1,2,0,0,0 recv 1 0 3 2
1 1,3,0,0,0 send 2 0 3 5
2 0,1,3,0,0 send 2 0 1 6
4 0,0,0,1,2 send 1 0 2 7
0 2,0,0,1,2 recv 1 0 2 7
4 0,0,0,1,3 send 2 0 0 8
0 3,0,0,1,3 recv 2 0 0 8
2 1,3,4,0,0 recv 2 0 3 5
2 1,3,5,0,0 relay
2 1,3,5,0,0 round-done 0
3 1,3,5,2,0 recv 1 0 4 4
0 4,0,0,1,3 send 2 0 2 9
0 5,0,0,1,3 relay
0 5,0,0,1,3 round-done 0
1 5,4,0,1,3 recv 2 0 2 9
3 1,3,5,3,0 send 2 0 4 10
1 5,5,0,1,3 active 3
1 5,5,0,1,3 round-done 0
4 1,3,5,3,4 recv 2 0 4 10
3 1,3,5,4,0 recv 2 0 1 6
4 1,3,5,3,5 relay
4 1,3,5,3,5 round-done 0
3 1,3,5,5,0 active 4
3 1,3,5,5,0 round-done 0
3 1,3,5,6,0 send 1 1 4 11
1 5,6,0,1,3 send 1 1 3 12
4 1,3,5,6,6 recv 1 1 4 11
4 1,3,5,6,7 send 1 1 4 13
2 5,6,6,1,3 recv 1 1 3 12
2 5,6,7,1,3 send 1 1 3 14
0 6,3,5,6,7 recv 1 1 4 13
0 7,3,5,6,7 send 1 1 4 15
3 5,6,7,7,3 recv 1 1 3 14
3 5,6,7,8,3 send 2 1 3 16
4 5,6,7,8,8 recv 2 1 3 16
4 5,6,7,8,9 send 2 1 3 17
0 8,6,7,8,9 recv 2 1 3 17
0 9,6,7,8,9 send 2 1 3 18
1 9,7,7,8,9 recv 1 1 4 15
1 9,8,7,8,9 recv 2 1 3 18
1 9,9,7,8,9 send 2 1 4 19
1 9,10,7,8,9 active 4
1 9,10,7,8,9 round-done 1
2 9,10,8,8,9 recv 2 1 4 19
2 9,10,9,8,9 send 2 1 4 20
3 9,10,9,9,9 recv 2 1 4 20
3 9,10,9,10,9 relay
3 9,10,9,10,9 round-done 1
1 9,11,7,8,9 send 1 2 4 21
2 9,11,10,8,9 recv 1 2 4 21
2 9,11,11,8,9 send 1 2 4 22
3 9,11,11,11,9 recv 1 2 4 22
3 9,11,11,12,9 send 1 2 4 23
4 9,11,11,12,10 recv 1 2 4 23
4 9,11,11,12,11 send 1 2 4 24
0 10,11,11,12,11 recv 1 2 4 24
0 11,11,11,12,11 send 1 2 4 25
1 11,12,11,12,11 recv 1 2 4 25
1 11,13,11,12,11 leader 4
