2 0,0,1,0,0 send 1 0 4 1
4 0,0,0,0,1 send 1 0 1 2
1 0,1,0,0,0 send 1 0 2 3
3 0,0,0,1,0 send 1 0 0 4
0 1,0,0,0,1 recv 1 0 1 2
0 2,0,0,0,1 send 1 0 3 5
1 2,2,0,0,1 recv 1 0 3 5
2 2,2,2,0,1 recv 1 0 2 3
3 2,2,2,2,1 recv 1 0 4 1
4 2,2,2,2,2 recv 1 0 0 4
0 3,0,0,0,1 send 2 0 1 6
1 2,3,0,0,1 send 2 0 3 7
2 2,2,3,0,1 send 2 0 2 8
4 2,2,2,2,3 send 2 0 0 9
3 2,2,3,3,1 recv 2 0 2 8
3 2,2,3,4,1 send 2 0 4 10
2 2,3,4,0,1 recv 2 0 3 7
0 4,2,2,2,3 recv 2 0 0 9
1 4,4,2,2,3 recv 2 0 1 6
4 2,2,3,4,4 recv 2 0 4 10
2 2,3,5,0,1 relay
2 2,3,5,0,1 round-done 0
3 2,2,3,5,1 active 4
3 2,2,3,5,1 round-done 0
4 2,2,3,4,5 relay
4 2,2,3,4,5 round-done 0
1 4,5,2,2,3 active 3
1 4,5,2,2,3 round-done 0
0 5,2,2,2,3 relay
0 5,2,2,2,3 round-done 0
1 4,6,2,2,3 send 1 1 3 11
2 4,6,6,2,3 recv 1 1 3 11
2 4,6,7,2,3 send 1 1 3 12
3 2,2,3,6,1 send 1 1 4 13
4 2,2,3,6,6 recv 1 1 4 13
4 2,2,3,6,7 send 1 1 4 14
0 6,2,3,6,7 recv 1 1 4 14
0 7,2,3,6,7 send 1 1 4 15
3 4,6,7,7,3 recv 1 1 3 12
1 7,7,3,6,7 recv 1 1 4 15
1 7,8,3,6,7 send 2 1 4 16
2 7,8,8,6,7 recv 2 1 4 16
2 7,8,9,6,7 send 2 1 4 17
3 7,8,9,8,7 recv 2 1 4 17
3 7,8,9,9,7 send 2 1 3 18
4 7,8,9,9,8 recv 2 1 3 18
4 7,8,9,9,9 send 2 1 3 19
3 7,8,9,10,7 relay
3 7,8,9,10,7 round-done 1
0 8,8,9,9,9 recv 2 1 3 19
0 9,8,9,9,9 send 2 1 3 20
1 9,9,9,9,9 recv 2 1 3 20
1 9,10,9,9,9 active 4
1 9,10,9,9,9 round-done 1
1 9,11,9,9,9 send 1 2 4 21
2 9,11,10,9,9 recv 1 2 4 21
2 9,11,11,9,9 send 1 2 4 22
3 9,11,11,11,9 recv 1 2 4 22
3 9,11,11,12,9 send 1 2 4 23
4 9,11,11,12,10 recv 1 2 4 23
4 9,11,11,12,11 send 1 2 4 24
0 10,11,11,12,11 recv 1 2 4 24
0 11,11,11,12,11 send 1 2 4 25
1 11,12,11,12,11 recv 1 2 4 25
1 11,13,11,12,11 leader 4
