4 0,0,0,0,1 send 1 0 3 1
3 0,0,0,1,0 send 1 0 2 2
1 0,1,0,0,0 send 1 0 1 3
0 1,0,0,0,1 recv 1 0 3 1
2 0,0,1,0,0 send 1 0 4 4
2 0,1,2,0,0 recv 1 0 1 3
0 2,0,0,0,1 send 2 0 3 5
3 0,1,2,2,0 recv 1 0 4 4
1 2,2,0,0,1 recv 2 0 3 5
2 0,1,3,0,0 send 2 0 1 6
0 3,0,0,0,1 send 1 0 0 7
3 0,1,2,3,0 send 2 0 4 8
4 0,1,2,3,2 recv 1 0 2 2
3 0,1,3,4,0 recv 2 0 1 6
4 0,1,2,3,3 send 2 0 2 9
3 0,1,3,5,0 active 4
0 4,1,2,3,3 recv 2 0 2 9
4 0,1,3,5,4 recv 2 0 4 8
0 5,1,2,3,3 active 3
1 5,3,2,3,3 recv 1 0 0 7
4 0,1,3,5,5 relay
1 5,4,2,3,3 send 2 0 0 10
2 5,4,4,3,3 recv 2 0 0 10
1 5,5,2,3,3 relay
2 5,4,5,3,3 relay
0 6,1,2,3,3 send 1 1 3 11
1 6,6,2,3,3 recv 1 1 3 11
1 6,7,2,3,3 send 1 1 3 12
3 0,1,3,6,0 send 1 1 4 13
2 6,7,6,3,3 recv 1 1 3 12
2 6,7,7,3,3 send 1 1 3 14
4 0,1,3,6,6 recv 1 1 4 13
4 0,1,3,6,7 send 1 1 4 15
3 6,7,7,7,3 recv 1 1 3 14
3 6,7,7,8,3 send 2 1 3 16
4 6,7,7,8,8 recv 2 1 3 16
4 6,7,7,8,9 send 2 1 3 17
0 7,7,7,8,9 recv 1 1 4 15
0 8,7,7,8,9 send 2 1 4 18
0 9,7,7,8,9 recv 2 1 3 17
1 9,8,7,8,9 recv 2 1 4 18
1 9,9,7,8,9 send 2 1 4 19
2 9,9,8,8,9 recv 2 1 4 19
2 9,9,9,8,9 send 2 1 4 20
0 10,7,7,8,9 active 4
3 9,9,9,9,9 recv 2 1 4 20
3 9,9,9,10,9 relay
0 11,7,7,8,9 send 1 2 4 21
1 11,10,7,8,9 recv 1 2 4 21
1 11,11,7,8,9 send 1 2 4 22
2 11,11,10,8,9 recv 1 2 4 22
2 11,11,11,8,9 send 1 2 4 23
3 11,11,11,11,9 recv 1 2 4 23
3 11,11,11,12,9 send 1 2 4 24
4 11,11,11,12,10 recv 1 2 4 24
4 11,11,11,12,11 send 1 2 4 25
0 12,11,11,12,11 recv 1 2 4 25
0 13,11,11,12,11 leader 4
