1 0,1,0,0,0 send 1 0 3 1
2 0,0,1,0,0 send 1 0 1 2
3 0,0,1,1,0 recv 1 0 1 2
3 0,0,1,2,0 send 1 0 4 3
2 0,1,2,0,0 recv 1 0 3 1
2 0,1,3,0,0 send 2 0 3 4
3 0,1,3,3,0 recv 2 0 3 4
4 0,1,3,3,1 recv 1 0 4 3
4 0,1,3,3,2 send 2 0 4 5
3 0,1,3,4,0 send 2 0 1 6
3 0,1,3,5,0 relay
3 0,1,3,5,0 round-done 0
4 0,1,3,5,3 recv 2 0 1 6
4 0,1,3,5,4 send 1 0 2 7
0 1,0,0,0,0 send 1 0 0 8
4 0,1,3,5,5 active 4
4 0,1,3,5,5 round-done 0
0 2,1,3,5,5 recv 2 0 4 5
0 3,1,3,5,5 recv 1 0 2 7
1 3,2,3,5,5 recv 1 0 0 8
0 4,1,3,5,5 send 2 0 2 9
1 4,3,3,5,5 recv 2 0 2 9
0 5,1,3,5,5 relay
0 5,1,3,5,5 round-done 0
1 4,4,3,5,5 send 2 0 0 10
2 4,4,4,5,5 recv 2 0 0 10
1 4,5,3,5,5 relay
1 4,5,3,5,5 round-done 0
2 4,4,5,5,5 active 3
2 4,4,5,5,5 round-done 0
2 4,4,6,5,5 send 1 1 3 11
3 4,4,6,6,5 recv 1 1 3 11
3 4,4,6,7,5 send 1 1 3 12
4 4,4,6,7,6 recv 1 1 3 12
4 4,4,6,7,7 send 1 1 4 13
0 6,4,6,7,7 recv 1 1 4 13
0 7,4,6,7,7 send 1 1 4 14
1 7,6,6,7,7 recv 1 1 4 14
1 7,7,6,7,7 send 1 1 4 15
4 4,4,6,7,8 send 2 1 3 16
2 7,7,7,7,7 recv 1 1 4 15
2 7,7,8,7,7 send 2 1 4 17
0 8,4,6,7,8 recv 2 1 3 16
0 9,4,6,7,8 send 2 1 3 18
3 7,7,8,8,7 recv 2 1 4 17
3 7,7,8,9,7 send 2 1 4 19
1 9,8,6,7,8 recv 2 1 3 18
1 9,9,6,7,8 send 2 1 3 20
4 7,7,8,9,9 recv 2 1 4 19
4 7,7,8,9,10 relay
4 7,7,8,9,10 round-done 1
2 9,9,9,7,8 recv 2 1 3 20
2 9,9,10,7,8 active 4
2 9,9,10,7,8 round-done 1
2 9,9,11,7,8 send 1 2 4 21
3 9,9,11,10,8 recv 1 2 4 21
3 9,9,11,11,8 send 1 2 4 22
4 9,9,11,11,11 recv 1 2 4 22
4 9,9,11,11,12 send 1 2 4 23
0 10,9,11,11,12 recv 1 2 4 23
0 11,9,11,11,12 send 1 2 4 24
1 11,10,11,11,12 recv 1 2 4 24
1 11,11,11,11,12 send 1 2 4 25
2 11,11,12,11,12 recv 1 2 4 25
2 11,11,13,11,12 leader 4
