2 0,0,1,0,0 send 1 0 4 1
1 0,1,0,0,0 send 1 0 3 2
0 1,0,0,0,0 send 1 0 0 3
3 0,0,1,1,0 recv 1 0 4 1
1 1,2,0,0,0 recv 1 0 0 3
2 1,2,2,0,0 recv 1 0 3 2
3 0,0,1,2,0 send 2 0 4 4
4 0,0,0,0,1 send 1 0 1 5
1 1,3,0,0,0 send 2 0 0 6
0 2,0,0,0,1 recv 1 0 1 5
2 1,3,3,0,0 recv 2 0 0 6
3 0,0,1,3,0 send 1 0 2 7
2 1,3,4,0,0 send 2 0 3 8
0 3,0,0,0,1 send 2 0 1 9
3 1,3,4,4,0 recv 2 0 3 8
2 1,3,5,0,0 relay
1 3,4,0,0,1 recv 2 0 1 9
3 1,3,4,5,0 active 4
1 3,5,0,0,1 relay
4 1,3,4,5,2 recv 2 0 4 4
4 1,3,4,5,3 recv 1 0 2 7
4 1,3,4,5,4 send 2 0 2 10
0 4,3,4,5,4 recv 2 0 2 10
4 1,3,4,5,5 relay
0 5,3,4,5,4 relay
3 1,3,4,6,0 send 1 1 4 11
4 1,3,4,6,6 recv 1 1 4 11
4 1,3,4,6,7 send 1 1 4 12
0 6,3,4,6,7 recv 1 1 4 12
0 7,3,4,6,7 send 1 1 4 13
1 7,6,4,6,7 recv 1 1 4 13
1 7,7,4,6,7 send 1 1 4 14
2 7,7,6,6,7 recv 1 1 4 14
2 7,7,7,6,7 send 1 1 4 15
3 7,7,7,7,7 recv 1 1 4 15
3 7,7,7,8,7 leader 4
