4 0,0,0,0,1 send 1 0 3 1
1 0,1,0,0,0 send 1 0 1 2
2 0,1,1,0,0 recv 1 0 1 2
3 0,0,0,1,0 send 1 0 2 3
4 0,0,0,1,2 recv 1 0 2 3
4 0,0,0,1,3 send 2 0 2 4
2 0,1,2,0,0 send 1 0 4 5
0 1,0,0,1,3 recv 1 0 3 1
2 0,1,3,0,0 send 2 0 1 6
0 2,0,0,1,3 send 1 0 0 7
3 0,1,3,2,0 recv 1 0 4 5
3 0,1,3,3,0 send 2 0 4 8
0 3,0,0,1,3 recv 2 0 2 4
1 3,2,0,1,3 recv 1 0 0 7
4 0,1,3,3,4 recv 2 0 4 8
0 4,0,0,1,3 send 2 0 3 9
0 5,0,0,1,3 active 3
0 5,0,0,1,3 round-done 0
3 0,1,3,4,0 recv 2 0 1 6
4 0,1,3,3,5 relay
4 0,1,3,3,5 round-done 0
1 3,3,0,1,3 send 2 0 0 10
1 5,4,0,1,3 recv 2 0 3 9
2 5,4,4,1,3 recv 2 0 0 10
3 0,1,3,5,0 active 4
3 0,1,3,5,0 round-done 0
2 5,4,5,1,3 relay
2 5,4,5,1,3 round-done 0
1 5,5,0,1,3 relay
1 5,5,0,1,3 round-done 0
3 0,1,3,6,0 send 1 1 4 11
4 0,1,3,6,6 recv 1 1 4 11
4 0,1,3,6,7 send 1 1 4 12
0 6,1,3,6,7 recv 1 1 4 12
0 7,1,3,6,7 send 2 1 4 13
1 7,6,3,6,7 recv 2 1 4 13
1 7,7,3,6,7 send 2 1 4 14
2 7,7,6,6,7 recv 2 1 4 14
2 7,7,7,6,7 send 2 1 4 15
0 8,1,3,6,7 send 1 1 3 16
1 8,8,3,6,7 recv 1 1 3 16
1 8,9,3,6,7 send 1 1 3 17
3 7,7,7,7,7 recv 2 1 4 15
2 8,9,8,6,7 recv 1 1 3 17
2 8,9,9,6,7 send 1 1 3 18
3 8,9,9,8,7 recv 1 1 3 18
3 8,9,9,9,7 send 2 1 3 19
4 8,9,9,9,8 recv 2 1 3 19
4 8,9,9,9,9 send 2 1 3 20
0 9,9,9,9,9 recv 2 1 3 20
0 10,9,9,9,9 active 4
0 10,9,9,9,9 round-done 1
3 8,9,9,10,7 relay
3 8,9,9,10,7 round-done 1
0 11,9,9,9,9 send 1 2 4 21
1 11,10,9,9,9 recv 1 2 4 21
1 11,11,9,9,9 send 1 2 4 22
2 11,11,10,9,9 recv 1 2 4 22
2 11,11,11,9,9 send 1 2 4 23
3 11,11,11,11,9 recv 1 2 4 23
3 11,11,11,12,9 send 1 2 4 24
4 11,11,11,12,10 recv 1 2 4 24
4 11,11,11,12,11 send 1 2 4 25
0 12,11,11,12,11 recv 1 2 4 25
0 13,11,11,12,11 leader 4
