4 0,0,0,0,1 send 1 0 0 1
3 0,0,0,1,0 send 1 0 3 2
4 0,0,0,1,2 recv 1 0 3 2
1 0,1,0,0,0 send 1 0 1 3
4 0,0,0,1,3 send 2 0 3 4
2 0,1,1,0,0 recv 1 0 1 3
0 1,0,0,0,0 send 1 0 2 5
2 0,1,2,0,0 send 1 0 4 6
0 2,0,0,1,3 recv 1 0 0 1
2 0,1,3,0,0 send 2 0 1 7
1 2,2,0,1,3 recv 1 0 2 5
0 3,0,0,1,3 recv 2 0 3 4
0 4,0,0,1,3 send 2 0 0 8
3 0,1,3,2,0 recv 1 0 4 6
1 2,3,0,1,3 send 2 0 2 9
3 0,1,3,3,0 recv 2 0 1 7
2 2,3,4,1,3 recv 2 0 2 9
0 5,0,0,1,3 relay
0 5,0,0,1,3 round-done 0
1 5,4,0,1,3 recv 2 0 0 8
2 2,3,5,1,3 relay
2 2,3,5,1,3 round-done 0
1 5,5,0,1,3 active 2
1 5,5,0,1,3 round-done 0
3 0,1,3,4,0 send 2 0 4 10
4 0,1,3,4,4 recv 2 0 4 10
4 0,1,3,4,5 relay
4 0,1,3,4,5 round-done 0
3 0,1,3,5,0 active 4
3 0,1,3,5,0 round-done 0
3 0,1,3,6,0 send 1 1 4 11
4 0,1,3,6,6 recv 1 1 4 11
4 0,1,3,6,7 send 1 1 4 12
0 6,1,3,6,7 recv 1 1 4 12
0 7,1,3,6,7 send 1 1 4 13
1 7,6,3,6,7 recv 1 1 4 13
1 7,7,3,6,7 send 1 1 2 14
2 7,7,6,6,7 recv 1 1 2 14
2 7,7,7,6,7 send 1 1 2 15
3 7,7,7,7,7 recv 1 1 2 15
3 7,7,7,8,7 send 2 1 2 16
4 7,7,7,8,8 recv 2 1 2 16
4 7,7,7,8,9 send 2 1 2 17
1 7,8,3,6,7 send 2 1 4 18
0 8,7,7,8,9 recv 2 1 2 17
0 9,7,7,8,9 send 2 1 2 19
1 9,9,7,8,9 recv 2 1 2 19
2 9,9,8,8,9 recv 2 1 4 18
2 9,9,9,8,9 send 2 1 4 20
3 9,9,9,9,9 recv 2 1 4 20
1 9,10,7,8,9 active 4
1 9,10,7,8,9 round-done 1
3 9,9,9,10,9 relay
3 9,9,9,10,9 round-done 1
1 9,11,7,8,9 send 1 2 4 21
2 9,11,10,8,9 recv 1 2 4 21
2 9,11,11,8,9 send 1 2 4 22
3 9,11,11,11,9 recv 1 2 4 22
3 9,11,11,12,9 send 1 2 4 23
4 9,11,11,12,10 recv 1 2 4 23
4 9,11,11,12,11 send 1 2 4 24
0 10,11,11,12,11 recv 1 2 4 24
0 11,11,11,12,11 send 1 2 4 25
1 11,12,11,12,11 recv 1 2 4 25
1 11,13,11,12,11 leader 4
