3 0,0,0,1,0 send 1 0 1 1
2 0,0,1,0,0 send 1 0 3 2
4 0,0,0,0,1 send 1 0 4 3
1 0,1,0,0,0 send 1 0 0 4
0 1,0,0,0,0 send 1 0 2 5
2 0,1,2,0,0 recv 1 0 0 4
1 1,2,0,0,0 recv 1 0 2 5
3 0,1,2,2,0 recv 1 0 3 2
2 0,1,3,0,0 send 2 0 0 6
4 0,1,2,2,2 recv 1 0 1 1
1 1,3,0,0,0 send 2 0 2 7
3 0,1,3,3,0 recv 2 0 0 6
4 0,1,2,2,3 send 2 0 1 8
2 1,3,4,0,0 recv 2 0 2 7
3 0,1,3,4,0 send 2 0 3 9
2 1,3,5,0,0 relay
2 1,3,5,0,0 round-done 0
0 2,1,2,2,3 recv 1 0 4 3
3 0,1,3,5,0 active 3
3 0,1,3,5,0 round-done 0
4 0,1,3,5,4 recv 2 0 3 9
4 0,1,3,5,5 relay
4 0,1,3,5,5 round-done 0
0 3,1,3,5,5 recv 2 0 1 8
0 4,1,3,5,5 send 2 0 4 10
1 4,4,3,5,5 recv 2 0 4 10
1 4,5,3,5,5 relay
1 4,5,3,5,5 round-done 0
0 5,1,3,5,5 active 4
0 5,1,3,5,5 round-done 0
0 6,1,3,5,5 send 1 1 4 11
1 6,6,3,5,5 recv 1 1 4 11
1 6,7,3,5,5 send 1 1 4 12
3 0,1,3,6,0 send 1 1 3 13
2 6,7,6,5,5 recv 1 1 4 12
2 6,7,7,5,5 send 1 1 4 14
4 0,1,3,6,6 recv 1 1 3 13
4 0,1,3,6,7 send 1 1 3 15
3 6,7,7,7,5 recv 1 1 4 14
0 7,1,3,6,7 recv 1 1 3 15
3 6,7,7,8,5 send 2 1 4 16
4 6,7,7,8,8 recv 2 1 4 16
4 6,7,7,8,9 send 2 1 4 17
0 8,7,7,8,9 recv 2 1 4 17
0 9,7,7,8,9 send 2 1 3 18
1 9,8,7,8,9 recv 2 1 3 18
1 9,9,7,8,9 send 2 1 3 19
2 9,9,8,8,9 recv 2 1 3 19
2 9,9,9,8,9 send 2 1 3 20
3 9,9,9,9,9 recv 2 1 3 20
0 10,7,7,8,9 relay
0 10,7,7,8,9 round-done 1
3 9,9,9,10,9 active 4
3 9,9,9,10,9 round-done 1
3 9,9,9,11,9 send 1 2 4 21
4 9,9,9,11,10 recv 1 2 4 21
4 9,9,9,11,11 send 1 2 4 22
0 11,9,9,11,11 recv 1 2 4 22
0 12,9,9,11,11 send 1 2 4 23
1 12,10,9,11,11 recv 1 2 4 23
1 12,11,9,11,11 send 1 2 4 24
2 12,11,10,11,11 recv 1 2 4 24
2 12,11,11,11,11 send 1 2 4 25
3 12,11,11,12,11 recv 1 2 4 25
3 12,11,11,13,11 leader 4
