0 1,0,0,0,0 send 1 0 4 1
4 0,0,0,0,1 send 1 0 3 2
1 1,1,0,0,0 recv 1 0 4 1
0 2,0,0,0,1 recv 1 0 3 2
0 3,0,0,0,1 send 2 0 3 3
1 3,2,0,0,1 recv 2 0 3 3
2 0,0,1,0,0 send 1 0 1 4
3 0,0,0,1,0 send 1 0 0 5
1 3,3,0,0,1 send 1 0 2 6
1 3,4,0,0,1 send 2 0 4 7
2 3,4,2,0,1 recv 1 0 2 6
1 3,5,0,0,1 active 4
1 3,5,0,0,1 round-done 0
4 0,0,0,1,2 recv 1 0 0 5
4 0,0,0,1,3 send 2 0 0 8
2 3,4,3,0,1 send 2 0 2 9
0 4,0,0,1,3 recv 2 0 0 8
3 3,4,3,2,1 recv 1 0 1 4
3 3,4,3,3,1 send 2 0 1 10
0 5,0,0,1,3 relay
0 5,0,0,1,3 round-done 0
4 3,4,3,3,4 recv 2 0 1 10
2 3,5,4,0,1 recv 2 0 4 7
3 3,5,4,4,1 recv 2 0 2 9
4 3,4,3,3,5 relay
4 3,4,3,3,5 round-done 0
2 3,5,5,0,1 relay
2 3,5,5,0,1 round-done 0
3 3,5,4,5,1 relay
3 3,5,4,5,1 round-done 0
1 3,6,0,0,1 send 1 1 4 11
2 3,6,6,0,1 recv 1 1 4 11
2 3,6,7,0,1 send 1 1 4 12
3 3,6,7,6,1 recv 1 1 4 12
3 3,6,7,7,1 send 1 1 4 13
4 3,6,7,7,6 recv 1 1 4 13
4 3,6,7,7,7 send 1 1 4 14
0 6,6,7,7,7 recv 1 1 4 14
0 7,6,7,7,7 send 1 1 4 15
1 7,7,7,7,7 recv 1 1 4 15
1 7,8,7,7,7 leader 4
