4 0,0,0,0,1 send 1 0 0 1
2 0,0,1,0,0 send 1 0 1 2
3 0,0,0,1,0 send 1 0 2 3
4 0,0,0,1,2 recv 1 0 2 3
0 1,0,0,0,0 send 1 0 3 4
0 2,0,0,1,2 recv 1 0 0 1
3 0,0,1,2,0 recv 1 0 1 2
4 0,0,0,1,3 send 2 0 2 5
3 0,0,1,3,0 send 2 0 1 6
1 2,1,0,1,2 recv 1 0 3 4
0 3,0,0,1,2 send 2 0 0 7
4 0,0,1,3,4 recv 2 0 1 6
4 0,0,1,3,5 active 2
4 0,0,1,3,5 round-done 0
1 2,2,0,1,2 send 2 0 3 8
0 4,0,1,3,5 recv 2 0 2 5
0 5,0,1,3,5 relay
0 5,0,1,3,5 round-done 0
1 5,3,1,3,5 recv 2 0 0 7
2 5,3,2,3,5 recv 2 0 3 8
1 5,4,1,3,5 send 1 0 4 9
1 5,5,1,3,5 relay
1 5,5,1,3,5 round-done 0
2 5,5,3,3,5 recv 1 0 4 9
2 5,5,4,3,5 send 2 0 4 10
2 5,5,5,3,5 active 4
2 5,5,5,3,5 round-done 0
3 5,5,5,4,5 recv 2 0 4 10
3 5,5,5,5,5 relay
3 5,5,5,5,5 round-done 0
4 0,0,1,3,6 send 1 1 2 11
0 6,0,1,3,6 recv 1 1 2 11
0 7,0,1,3,6 send 1 1 2 12
2 5,5,6,3,5 send 1 1 4 13
1 7,6,1,3,6 recv 1 1 2 12
1 7,7,1,3,6 send 1 1 2 14
3 5,5,6,6,5 recv 1 1 4 13
3 5,5,6,7,5 send 1 1 4 15
2 7,7,7,3,6 recv 1 1 2 14
2 7,7,8,3,6 send 2 1 2 16
3 7,7,8,8,6 recv 2 1 2 16
3 7,7,8,9,6 send 2 1 2 17
4 7,7,8,9,7 recv 1 1 4 15
4 7,7,8,9,8 send 2 1 4 18
0 8,7,8,9,8 recv 2 1 4 18
0 9,7,8,9,8 send 2 1 4 19
4 7,7,8,9,9 recv 2 1 2 17
1 9,8,8,9,8 recv 2 1 4 19
1 9,9,8,9,8 send 2 1 4 20
4 7,7,8,9,10 active 4
4 7,7,8,9,10 round-done 1
2 9,9,9,9,8 recv 2 1 4 20
2 9,9,10,9,8 relay
2 9,9,10,9,8 round-done 1
4 7,7,8,9,11 send 1 2 4 21
0 10,7,8,9,11 recv 1 2 4 21
0 11,7,8,9,11 send 1 2 4 22
1 11,10,8,9,11 recv 1 2 4 22
1 11,11,8,9,11 send 1 2 4 23
2 11,11,11,9,11 recv 1 2 4 23
2 11,11,12,9,11 send 1 2 4 24
3 11,11,12,10,11 recv 1 2 4 24
3 11,11,12,11,11 send 1 2 4 25
4 11,11,12,11,12 recv 1 2 4 25
4 11,11,12,11,13 leader 4
