0 1,0,0,0,0 send 1 0 1 1
4 0,0,0,0,1 send 1 0 0 2
3 0,0,0,1,0 send 1 0 3 3
0 2,0,0,0,1 recv 1 0 0 2
0 3,0,0,0,1 send 2 0 0 4
1 0,1,0,0,0 send 1 0 4 5
4 0,0,0,1,2 recv 1 0 3 3
2 0,1,1,0,0 recv 1 0 4 5
4 0,0,0,1,3 send 2 0 3 6
1 3,2,0,0,1 recv 1 0 1 1
0 4,0,0,1,3 recv 2 0 3 6
2 0,1,2,0,0 send 2 0 4 7
1 4,3,0,1,3 recv 2 0 0 4
0 5,0,0,1,3 relay
1 4,4,0,1,3 relay
1 4,5,0,1,3 send 2 0 1 8
3 0,1,2,2,0 recv 2 0 4 7
2 4,5,3,1,3 recv 2 0 1 8
2 4,5,4,1,3 active 4
2 4,5,5,1,3 send 1 0 2 9
3 4,5,5,3,3 recv 1 0 2 9
3 4,5,5,4,3 relay
3 4,5,5,5,3 send 2 0 2 10
4 4,5,5,5,4 recv 2 0 2 10
4 4,5,5,5,5 active 3
4 4,5,5,5,6 send 1 1 3 11
2 4,5,6,1,3 send 1 1 4 12
3 4,5,6,6,3 recv 1 1 4 12
3 4,5,6,7,3 send 1 1 4 13
0 6,5,5,5,6 recv 1 1 3 11
0 7,5,5,5,6 send 1 1 3 14
1 7,6,5,5,6 recv 1 1 3 14
1 7,7,5,5,6 send 1 1 3 15
2 7,7,7,5,6 recv 1 1 3 15
4 4,5,6,7,7 recv 1 1 4 13
4 4,5,6,7,8 send 2 1 4 16
0 8,5,6,7,8 recv 2 1 4 16
0 9,5,6,7,8 send 2 1 4 17
2 7,7,8,5,6 send 2 1 3 18
3 7,7,8,8,6 recv 2 1 3 18
3 7,7,8,9,6 send 2 1 3 19
1 9,8,6,7,8 recv 2 1 4 17
1 9,9,6,7,8 send 2 1 4 20
2 9,9,9,7,8 recv 2 1 4 20
2 9,9,10,7,8 relay
4 7,7,8,9,9 recv 2 1 3 19
4 7,7,8,9,10 active 4
4 7,7,8,9,11 send 1 2 4 21
0 10,7,8,9,11 recv 1 2 4 21
0 11,7,8,9,11 send 1 2 4 22
1 11,10,8,9,11 recv 1 2 4 22
1 11,11,8,9,11 send 1 2 4 23
2 11,11,11,9,11 recv 1 2 4 23
2 11,11,12,9,11 send 1 2 4 24
3 11,11,12,10,11 recv 1 2 4 24
3 11,11,12,11,11 send 1 2 4 25
4 11,11,12,11,12 recv 1 2 4 25
4 11,11,12,11,13 leader 4
