4 0,0,0,0,1 send 1 0 2 1
1 0,1,0,0,0 send 1 0 0 2
0 1,0,0,0,0 send 1 0 1 3
1 1,2,0,0,0 recv 1 0 1 3
3 0,0,0,1,0 send 1 0 4 4
1 1,3,0,0,0 send 2 0 1 5
4 0,0,0,1,2 recv 1 0 4 4
0 2,0,0,1,2 recv 1 0 2 1
0 3,0,0,1,2 send 2 0 2 6
2 1,3,1,0,0 recv 1 0 0 2
1 3,4,0,1,2 recv 2 0 2 6
4 0,0,0,1,3 send 2 0 4 7
0 4,0,0,1,3 recv 2 0 4 7
2 3,4,2,1,2 recv 2 0 1 5
1 3,5,0,1,2 relay
1 3,5,0,1,2 round-done 0
0 5,0,0,1,3 relay
0 5,0,0,1,3 round-done 0
2 3,4,3,1,2 send 1 0 3 8
3 3,4,3,2,2 recv 1 0 3 8
3 3,4,3,3,2 send 2 0 3 9
2 3,4,4,1,2 send 2 0 0 10
4 3,4,3,3,4 recv 2 0 3 9
4 3,4,3,3,5 active 4
4 3,4,3,3,5 round-done 0
2 3,4,5,1,2 relay
2 3,4,5,1,2 round-done 0
3 3,4,5,4,2 recv 2 0 0 10
3 3,4,5,5,2 relay
3 3,4,5,5,2 round-done 0
4 3,4,3,3,6 send 1 1 4 11
0 6,4,3,3,6 recv 1 1 4 11
0 7,4,3,3,6 send 1 1 4 12
1 7,6,3,3,6 recv 1 1 4 12
1 7,7,3,3,6 send 1 1 4 13
2 7,7,6,3,6 recv 1 1 4 13
2 7,7,7,3,6 send 1 1 4 14
3 7,7,7,6,6 recv 1 1 4 14
3 7,7,7,7,6 send 1 1 4 15
4 7,7,7,7,7 recv 1 1 4 15
4 7,7,7,7,8 leader 4
