2 0,0,1,0,0 send 1 0 3 1
3 0,0,0,1,0 send 1 0 2 2
4 0,0,0,1,1 recv 1 0 2 2
0 1,0,0,0,0 send 1 0 0 3
1 1,1,0,0,0 recv 1 0 0 3
4 0,0,0,1,2 send 2 0 2 4
0 2,0,0,1,2 recv 2 0 2 4
1 1,2,0,0,0 send 2 0 0 5
4 0,0,0,1,3 send 1 0 1 6
3 0,0,1,2,0 recv 1 0 3 1
1 1,3,0,0,0 send 1 0 4 7
0 3,0,0,1,3 recv 1 0 1 6
3 0,0,1,3,0 send 2 0 3 8
4 0,0,1,3,4 recv 2 0 3 8
2 1,3,2,0,0 recv 2 0 0 5
4 0,0,1,3,5 relay
4 0,0,1,3,5 round-done 0
0 4,0,0,1,3 send 2 0 1 9
2 1,3,3,0,0 recv 1 0 4 7
1 4,4,0,1,3 recv 2 0 1 9
2 1,3,4,0,0 send 2 0 4 10
0 5,0,0,1,3 relay
0 5,0,0,1,3 round-done 0
2 1,3,5,0,0 active 4
2 1,3,5,0,0 round-done 0
1 4,5,0,1,3 relay
1 4,5,0,1,3 round-done 0
3 1,3,5,4,0 recv 2 0 4 10
3 1,3,5,5,0 relay
3 1,3,5,5,0 round-done 0
2 1,3,6,0,0 send 1 1 4 11
3 1,3,6,6,0 recv 1 1 4 11
3 1,3,6,7,0 send 1 1 4 12
4 1,3,6,7,6 recv 1 1 4 12
4 1,3,6,7,7 send 1 1 4 13
0 6,3,6,7,7 recv 1 1 4 13
0 7,3,6,7,7 send 1 1 4 14
1 7,6,6,7,7 recv 1 1 4 14
1 7,7,6,7,7 send 1 1 4 15
2 7,7,7,7,7 recv 1 1 4 15
2 7,7,8,7,7 leader 4
