0 1,0,0,0,0 send 1 0 1 1
3 0,0,0,1,0 send 1 0 4 2
4 0,0,0,0,1 send 1 0 0 3
2 0,0,1,0,0 send 1 0 2 4
1 0,1,0,0,0 send 1 0 3 5
4 0,0,0,1,2 recv 1 0 4 2
4 0,0,0,1,3 send 2 0 4 6
1 1,2,0,0,0 recv 1 0 1 1
2 1,2,2,0,0 recv 1 0 3 5
3 1,2,2,2,0 recv 1 0 2 4
1 1,3,0,0,0 send 2 0 1 7
0 2,0,0,1,3 recv 1 0 0 3
2 1,2,3,0,0 send 2 0 3 8
0 3,0,0,1,3 recv 2 0 4 6
2 1,3,4,0,0 recv 2 0 1 7
3 1,2,2,3,0 send 2 0 2 9
0 4,0,0,1,3 send 2 0 0 10
1 4,4,0,1,3 recv 2 0 0 10
4 1,2,2,3,4 recv 2 0 2 9
2 1,3,5,0,0 active 3
2 1,3,5,0,0 round-done 0
3 1,3,5,4,0 recv 2 0 3 8
0 5,0,0,1,3 relay
0 5,0,0,1,3 round-done 0
4 1,2,2,3,5 active 4
4 1,2,2,3,5 round-done 0
3 1,3,5,5,0 relay
3 1,3,5,5,0 round-done 0
1 4,5,0,1,3 relay
1 4,5,0,1,3 round-done 0
4 1,2,2,3,6 send 1 1 4 11
0 6,2,2,3,6 recv 1 1 4 11
0 7,2,2,3,6 send 1 1 4 12
2 1,3,6,0,0 send 1 1 3 13
1 7,6,2,3,6 recv 1 1 4 12
1 7,7,2,3,6 send 1 1 4 14
3 1,3,6,6,0 recv 1 1 3 13
3 1,3,6,7,0 send 1 1 3 15
4 1,3,6,7,7 recv 1 1 3 15
2 7,7,7,3,6 recv 1 1 4 14
4 1,3,6,7,8 send 2 1 3 16
2 7,7,8,3,6 send 2 1 4 17
0 8,3,6,7,8 recv 2 1 3 16
0 9,3,6,7,8 send 2 1 3 18
1 9,8,6,7,8 recv 2 1 3 18
1 9,9,6,7,8 send 2 1 3 19
3 7,7,8,8,6 recv 2 1 4 17
3 7,7,8,9,6 send 2 1 4 20
4 7,7,8,9,9 recv 2 1 4 20
2 9,9,9,7,8 recv 2 1 3 19
4 7,7,8,9,10 relay
4 7,7,8,9,10 round-done 1
2 9,9,10,7,8 active 4
2 9,9,10,7,8 round-done 1
2 9,9,11,7,8 send 1 2 4 21
3 9,9,11,10,8 recv 1 2 4 21
3 9,9,11,11,8 send 1 2 4 22
4 9,9,11,11,11 recv 1 2 4 22
4 9,9,11,11,12 send 1 2 4 23
0 10,9,11,11,12 recv 1 2 4 23
0 11,9,11,11,12 send 1 2 4 24
1 11,10,11,11,12 recv 1 2 4 24
1 11,11,11,11,12 send 1 2 4 25
2 11,11,12,11,12 recv 1 2 4 25
2 11,11,13,11,12 leader 4
