2 0,0,1,0,0 send1 4 1
3 0,0,1,1,0 recv1 4 1
1 0,1,0,0,0 send1 3 2
2 0,1,2,0,0 recv1 3 2
4 0,0,0,0,1 send1 1 3
0 1,0,0,0,1 recv1 1 3
0 2,0,0,0,1 send1 0 4
1 2,2,0,0,1 recv1 0 4
3 0,0,1,2,0 send1 2 5
4 0,0,1,2,2 recv1 2 5
2 0,1,3,0,0 send2 3 6
3 0,1,3,3,0 recv2 3
4 0,0,1,2,3 send2 2 7
0 3,0,1,2,3 recv2 2
3 0,1,3,4,0 active 4
0 4,0,1,2,3 relay
1 2,3,0,0,1 send2 0 8
2 2,3,4,0,1 recv2 0
3 0,1,3,5,0 send2 4 9
4 0,1,3,5,4 recv2 4
0 5,0,1,2,3 send2 1 10
1 5,4,1,2,3 recv2 1
1 5,5,1,2,3 relay
2 2,3,5,0,1 relay
4 0,1,3,5,5 relay
3 0,1,3,6,0 send1 4 11
4 0,1,3,6,6 recv1 4 11
4 0,1,3,6,7 fwd1 4 12
0 6,1,3,6,7 recv1 4 12
0 7,1,3,6,7 fwd1 4 13
1 7,6,3,6,7 recv1 4 13
1 7,7,3,6,7 fwd1 4 14
2 7,7,6,6,7 recv1 4 14
2 7,7,7,6,7 fwd1 4 15
3 7,7,7,7,7 recv1 4 15
3 7,7,7,8,7 leader 4
