2 0,0,1,0,0 send 1 0 0 1
4 0,0,0,0,1 send 1 0 4 2
3 0,0,1,1,0 recv 1 0 0 1
0 1,0,0,0,1 recv 1 0 4 2
0 2,0,0,0,1 send 2 0 4 3
3 0,0,1,2,0 send 1 0 3 4
4 0,0,1,2,2 recv 1 0 3 4
0 3,0,0,0,1 send 1 0 1 5
4 0,0,1,2,3 send 2 0 3 6
3 0,0,1,3,0 send 2 0 0 7
4 0,0,1,3,4 recv 2 0 0 7
0 4,0,1,3,4 recv 2 0 3 6
1 0,1,0,0,0 send 1 0 2 8
4 0,0,1,3,5 relay
4 0,0,1,3,5 round-done 0
0 5,0,1,3,4 active 4
0 5,0,1,3,4 round-done 0
1 5,2,1,3,4 recv 2 0 4 3
2 5,2,2,3,4 recv 1 0 2 8
2 5,2,3,3,4 send 2 0 2 9
3 5,2,3,4,4 recv 2 0 2 9
1 5,3,1,3,4 recv 1 0 1 5
3 5,2,3,5,4 relay
3 5,2,3,5,4 round-done 0
1 5,4,1,3,4 send 2 0 1 10
2 5,4,4,3,4 recv 2 0 1 10
2 5,4,5,3,4 active 2
2 5,4,5,3,4 round-done 0
1 5,5,1,3,4 relay
1 5,5,1,3,4 round-done 0
0 6,0,1,3,4 send 1 1 4 11
1 6,6,1,3,4 recv 1 1 4 11
1 6,7,1,3,4 send 1 1 4 12
2 6,7,6,3,4 recv 1 1 4 12
2 6,7,7,3,4 send 1 1 2 13
3 6,7,7,6,4 recv 1 1 2 13
3 6,7,7,7,4 send 1 1 2 14
2 6,7,8,3,4 send 2 1 4 15
4 6,7,7,7,6 recv 1 1 2 14
4 6,7,7,7,7 send 1 1 2 16
0 7,7,7,7,7 recv 1 1 2 16
3 6,7,8,8,4 recv 2 1 4 15
3 6,7,8,9,4 send 2 1 4 17
0 8,7,7,7,7 send 2 1 2 18
4 6,7,8,9,8 recv 2 1 4 17
4 6,7,8,9,9 send 2 1 4 19
1 8,8,7,7,7 recv 2 1 2 18
1 8,9,7,7,7 send 2 1 2 20
2 8,9,9,7,7 recv 2 1 2 20
0 9,7,8,9,9 recv 2 1 4 19
0 10,7,8,9,9 relay
0 10,7,8,9,9 round-done 1
2 8,9,10,7,7 active 4
2 8,9,10,7,7 round-done 1
2 8,9,11,7,7 send 1 2 4 21
3 8,9,11,10,7 recv 1 2 4 21
3 8,9,11,11,7 send 1 2 4 22
4 8,9,11,11,10 recv 1 2 4 22
4 8,9,11,11,11 send 1 2 4 23
0 11,9,11,11,11 recv 1 2 4 23
0 12,9,11,11,11 send 1 2 4 24
1 12,10,11,11,11 recv 1 2 4 24
1 12,11,11,11,11 send 1 2 4 25
2 12,11,12,11,11 recv 1 2 4 25
2 12,11,13,11,11 leader 4
