3 0,0,0,1,0 send 1 0 4 1
0 1,0,0,0,0 send 1 0 2 2
2 0,0,1,0,0 send 1 0 0 3
1 1,1,0,0,0 recv 1 0 2 2
1 1,2,0,0,0 send 2 0 2 4
2 1,2,2,0,0 recv 2 0 2 4
3 1,2,2,2,0 recv 1 0 0 3
1 1,3,0,0,0 send 1 0 1 5
4 0,0,0,0,1 send 1 0 3 6
3 1,2,2,3,0 send 2 0 0 7
4 1,2,2,3,2 recv 1 0 4 1
4 1,2,2,3,3 send 2 0 4 8
0 2,2,2,3,3 recv 1 0 3 6
0 3,2,2,3,3 recv 2 0 4 8
2 1,3,3,0,0 recv 1 0 1 5
4 1,2,2,3,4 recv 2 0 0 7
4 1,2,2,3,5 active 4
4 1,2,2,3,5 round-done 0
2 1,3,4,0,0 send 2 0 1 9
0 4,2,2,3,3 send 2 0 3 10
1 4,4,2,3,3 recv 2 0 3 10
3 1,3,4,4,0 recv 2 0 1 9
3 1,3,4,5,0 relay
3 1,3,4,5,0 round-done 0
0 5,2,2,3,3 relay
0 5,2,2,3,3 round-done 0
1 4,5,2,3,3 relay
1 4,5,2,3,3 round-done 0
2 1,3,5,0,0 relay
2 1,3,5,0,0 round-done 0
4 1,2,2,3,6 send 1 1 4 11
0 6,2,2,3,6 recv 1 1 4 11
0 7,2,2,3,6 send 1 1 4 12
1 7,6,2,3,6 recv 1 1 4 12
1 7,7,2,3,6 send 1 1 4 13
2 7,7,6,3,6 recv 1 1 4 13
2 7,7,7,3,6 send 1 1 4 14
3 7,7,7,6,6 recv 1 1 4 14
3 7,7,7,7,6 send 1 1 4 15
4 7,7,7,7,7 recv 1 1 4 15
4 7,7,7,7,8 leader 4
