2 0,0,1,0,0 send 1 0 4 1
0 1,0,0,0,0 send 1 0 1 2
1 0,1,0,0,0 send 1 0 3 3
3 0,0,0,1,0 send 1 0 2 4
3 0,0,1,2,0 recv 1 0 4 1
2 0,1,2,0,0 recv 1 0 3 3
4 0,0,0,0,1 send 1 0 0 5
1 1,2,0,0,0 recv 1 0 1 2
4 0,0,1,2,2 recv 1 0 2 4
3 0,0,1,3,0 send 2 0 4 6
2 0,1,3,0,0 send 2 0 3 7
3 0,1,3,4,0 recv 2 0 3 7
1 1,3,0,0,0 send 2 0 1 8
2 1,3,4,0,0 recv 2 0 1 8
4 0,1,3,4,3 recv 2 0 4 6
3 0,1,3,5,0 active 4
3 0,1,3,5,0 round-done 0
0 2,1,3,4,3 recv 1 0 0 5
4 0,1,3,4,4 send 2 0 2 9
2 1,3,5,0,0 relay
2 1,3,5,0,0 round-done 0
4 0,1,3,4,5 relay
4 0,1,3,4,5 round-done 0
0 3,1,3,4,3 send 2 0 0 10
1 3,4,3,4,3 recv 2 0 0 10
1 3,5,3,4,3 relay
1 3,5,3,4,3 round-done 0
0 4,1,3,4,5 recv 2 0 2 9
0 5,1,3,4,5 relay
0 5,1,3,4,5 round-done 0
3 0,1,3,6,0 send 1 1 4 11
4 0,1,3,6,6 recv 1 1 4 11
4 0,1,3,6,7 send 1 1 4 12
0 6,1,3,6,7 recv 1 1 4 12
0 7,1,3,6,7 send 1 1 4 13
1 7,6,3,6,7 recv 1 1 4 13
1 7,7,3,6,7 send 1 1 4 14
2 7,7,6,6,7 recv 1 1 4 14
2 7,7,7,6,7 send 1 1 4 15
3 7,7,7,7,7 recv 1 1 4 15
3 7,7,7,8,7 leader 4
