2 0,0,1,0,0 send 1 0 4 1
4 0,0,0,0,1 send 1 0 2 2
3 0,0,1,1,0 recv 1 0 4 1
1 0,1,0,0,0 send 1 0 3 3
0 1,0,0,0,1 recv 1 0 2 2
2 0,1,2,0,0 recv 1 0 3 3
3 0,0,1,2,0 send 1 0 0 4
2 0,1,3,0,0 send 2 0 3 5
0 2,0,0,0,1 send 2 0 2 6
0 3,0,0,0,1 send 1 0 1 7
1 3,2,0,0,1 recv 2 0 2 6
3 0,1,3,3,0 recv 2 0 3 5
1 3,3,0,0,1 recv 1 0 1 7
3 0,1,3,4,0 send 2 0 4 8
4 0,1,3,4,2 recv 1 0 0 4
4 0,1,3,4,3 send 2 0 0 9
3 0,1,3,5,0 active 4
3 0,1,3,5,0 round-done 0
1 3,4,0,0,1 send 2 0 1 10
2 3,4,4,0,1 recv 2 0 1 10
1 3,5,0,0,1 relay
1 3,5,0,0,1 round-done 0
0 4,1,3,4,3 recv 2 0 0 9
4 0,1,3,5,4 recv 2 0 4 8
2 3,4,5,0,1 relay
2 3,4,5,0,1 round-done 0
0 5,1,3,4,3 active 2
0 5,1,3,4,3 round-done 0
4 0,1,3,5,5 relay
4 0,1,3,5,5 round-done 0
3 0,1,3,6,0 send 1 1 4 11
0 6,1,3,4,3 send 1 1 2 12
4 0,1,3,6,6 recv 1 1 4 11
4 0,1,3,6,7 send 1 1 4 13
0 7,1,3,6,7 recv 1 1 4 13
1 7,6,3,6,7 recv 1 1 2 12
1 7,7,3,6,7 send 1 1 2 14
0 8,1,3,6,7 send 2 1 4 15
2 7,7,6,6,7 recv 1 1 2 14
2 7,7,7,6,7 send 1 1 2 16
1 8,8,3,6,7 recv 2 1 4 15
1 8,9,3,6,7 send 2 1 4 17
2 8,9,8,6,7 recv 2 1 4 17
2 8,9,9,6,7 send 2 1 4 18
3 8,9,9,7,7 recv 1 1 2 16
3 8,9,9,8,7 recv 2 1 4 18
3 8,9,9,9,7 send 2 1 2 19
4 8,9,9,9,8 recv 2 1 2 19
4 8,9,9,9,9 send 2 1 2 20
0 9,9,9,9,9 recv 2 1 2 20
3 8,9,9,10,7 relay
3 8,9,9,10,7 round-done 1
0 10,9,9,9,9 active 4
0 10,9,9,9,9 round-done 1
0 11,9,9,9,9 send 1 2 4 21
1 11,10,9,9,9 recv 1 2 4 21
1 11,11,9,9,9 send 1 2 4 22
2 11,11,10,9,9 recv 1 2 4 22
2 11,11,11,9,9 send 1 2 4 23
3 11,11,11,11,9 recv 1 2 4 23
3 11,11,11,12,9 send 1 2 4 24
4 11,11,11,12,10 recv 1 2 4 24
4 11,11,11,12,11 send 1 2 4 25
0 12,11,11,12,11 recv 1 2 4 25
0 13,11,11,12,11 leader 4
