1 0,1,0,0,0 send 1 0 4 1
2 0,0,1,0,0 send 1 0 2 2
3 0,0,0,1,0 send 1 0 0 3
2 0,1,2,0,0 recv 1 0 4 1
4 0,0,0,1,1 recv 1 0 0 3
4 0,0,0,1,2 send 1 0 3 4
2 0,1,3,0,0 send 2 0 4 5
0 1,0,0,0,0 send 1 0 1 6
4 0,0,0,1,3 send 2 0 0 7
3 0,1,3,2,0 recv 1 0 2 2
1 1,2,0,0,0 recv 1 0 1 6
1 1,3,0,0,0 send 2 0 1 8
3 0,1,3,3,0 send 2 0 2 9
0 2,0,0,1,3 recv 1 0 3 4
2 1,3,4,0,0 recv 2 0 1 8
0 3,0,0,1,3 send 2 0 3 10
1 3,4,0,1,3 recv 2 0 3 10
4 0,1,3,3,4 recv 2 0 2 9
3 1,3,4,4,0 recv 2 0 4 5
2 1,3,5,0,0 active 4
2 1,3,5,0,0 round-done 0
4 0,1,3,3,5 relay
4 0,1,3,3,5 round-done 0
3 1,3,4,5,0 relay
3 1,3,4,5,0 round-done 0
1 3,5,0,1,3 relay
1 3,5,0,1,3 round-done 0
0 4,1,3,3,5 recv 2 0 0 7
0 5,1,3,3,5 active 3
0 5,1,3,3,5 round-done 0
0 6,1,3,3,5 send 1 1 3 11
2 1,3,6,0,0 send 1 1 4 12
1 6,6,3,3,5 recv 1 1 3 11
1 6,7,3,3,5 send 1 1 3 13
2 6,7,7,3,5 recv 1 1 3 13
3 6,7,7,6,5 recv 1 1 4 12
3 6,7,7,7,5 send 1 1 4 14
4 6,7,7,7,6 recv 1 1 4 14
4 6,7,7,7,7 send 1 1 4 15
2 6,7,8,3,5 send 2 1 3 16
3 6,7,8,8,5 recv 2 1 3 16
3 6,7,8,9,5 send 2 1 3 17
4 6,7,8,9,8 recv 2 1 3 17
4 6,7,8,9,9 send 2 1 3 18
0 7,7,8,9,9 recv 1 1 4 15
0 8,7,8,9,9 recv 2 1 3 18
0 9,7,8,9,9 send 2 1 4 19
1 9,8,8,9,9 recv 2 1 4 19
1 9,9,8,9,9 send 2 1 4 20
2 9,9,9,9,9 recv 2 1 4 20
2 9,9,10,9,9 relay
2 9,9,10,9,9 round-done 1
0 10,7,8,9,9 active 4
0 10,7,8,9,9 round-done 1
0 11,7,8,9,9 send 1 2 4 21
1 11,10,8,9,9 recv 1 2 4 21
1 11,11,8,9,9 send 1 2 4 22
2 11,11,11,9,9 recv 1 2 4 22
2 11,11,12,9,9 send 1 2 4 23
3 11,11,12,10,9 recv 1 2 4 23
3 11,11,12,11,9 send 1 2 4 24
4 11,11,12,11,10 recv 1 2 4 24
4 11,11,12,11,11 send 1 2 4 25
0 12,11,12,11,11 recv 1 2 4 25
0 13,11,12,11,11 leader 4
