4 0,0,0,0,1 send 1 0 1 1
1 0,1,0,0,0 send 1 0 2 2
0 1,0,0,0,1 recv 1 0 1 1
0 2,0,0,0,1 send 2 0 1 3
1 2,2,0,0,1 recv 2 0 1 3
3 0,0,0,1,0 send 1 0 3 4
4 0,0,0,1,2 recv 1 0 3 4
4 0,0,0,1,3 send 2 0 3 5
0 3,0,0,0,1 send 1 0 4 6
0 4,0,0,1,3 recv 2 0 3 5
2 0,0,1,0,0 send 1 0 0 7
0 5,0,0,1,3 relay
0 5,0,0,1,3 round-done 0
3 0,0,1,2,0 recv 1 0 0 7
1 5,3,0,1,3 recv 1 0 4 6
2 5,3,2,1,3 recv 1 0 2 2
3 0,0,1,3,0 send 2 0 0 8
1 5,4,0,1,3 send 2 0 4 9
4 0,0,1,3,4 recv 2 0 0 8
2 5,3,3,1,3 send 2 0 2 10
1 5,5,0,1,3 active 4
1 5,5,0,1,3 round-done 0
4 0,0,1,3,5 active 3
4 0,0,1,3,5 round-done 0
2 5,5,4,1,3 recv 2 0 4 9
3 5,5,4,4,3 recv 2 0 2 10
2 5,5,5,1,3 relay
2 5,5,5,1,3 round-done 0
3 5,5,4,5,3 relay
3 5,5,4,5,3 round-done 0
4 0,0,1,3,6 send 1 1 3 11
0 6,0,1,3,6 recv 1 1 3 11
0 7,0,1,3,6 send 1 1 3 12
1 7,6,1,3,6 recv 1 1 3 12
1 7,7,1,3,6 send 1 1 4 13
2 7,7,6,3,6 recv 1 1 4 13
2 7,7,7,3,6 send 1 1 4 14
3 7,7,7,6,6 recv 1 1 4 14
3 7,7,7,7,6 send 1 1 4 15
1 7,8,1,3,6 send 2 1 3 16
2 7,8,8,3,6 recv 2 1 3 16
2 7,8,9,3,6 send 2 1 3 17
4 7,7,7,7,7 recv 1 1 4 15
3 7,8,9,8,6 recv 2 1 3 17
3 7,8,9,9,6 send 2 1 3 18
4 7,8,9,9,8 recv 2 1 3 18
4 7,8,9,9,9 send 2 1 4 19
0 8,8,9,9,9 recv 2 1 4 19
0 9,8,9,9,9 send 2 1 4 20
1 9,9,9,9,9 recv 2 1 4 20
4 7,8,9,9,10 active 4
4 7,8,9,9,10 round-done 1
1 9,10,9,9,9 relay
1 9,10,9,9,9 round-done 1
4 7,8,9,9,11 send 1 2 4 21
0 10,8,9,9,11 recv 1 2 4 21
0 11,8,9,9,11 send 1 2 4 22
1 11,11,9,9,11 recv 1 2 4 22
1 11,12,9,9,11 send 1 2 4 23
2 11,12,10,9,11 recv 1 2 4 23
2 11,12,11,9,11 send 1 2 4 24
3 11,12,11,10,11 recv 1 2 4 24
3 11,12,11,11,11 send 1 2 4 25
4 11,12,11,11,12 recv 1 2 4 25
4 11,12,11,11,13 leader 4
