0 1,0,0,0,0 send 1 0 1 1
4 0,0,0,0,1 send 1 0 0 2
1 1,1,0,0,0 recv 1 0 1 1
3 0,0,0,1,0 send 1 0 3 3
0 2,0,0,0,1 recv 1 0 0 2
1 1,2,0,0,0 send 1 0 4 4
0 3,0,0,0,1 send 2 0 0 5
1 1,3,0,0,0 send 2 0 1 6
2 1,3,1,0,0 recv 1 0 4 4
4 0,0,0,1,2 recv 1 0 3 3
2 1,3,2,0,0 recv 2 0 1 6
1 3,4,0,0,1 recv 2 0 0 5
4 0,0,0,1,3 send 2 0 3 7
2 1,3,3,0,0 send 2 0 4 8
1 3,5,0,0,1 relay
3 1,3,3,2,0 recv 2 0 4 8
0 4,0,0,1,3 recv 2 0 3 7
2 1,3,4,0,0 send 1 0 2 9
0 5,0,0,1,3 relay
2 1,3,5,0,0 active 4
3 1,3,5,3,0 recv 1 0 2 9
3 1,3,5,4,0 send 2 0 2 10
4 1,3,5,4,4 recv 2 0 2 10
3 1,3,5,5,0 relay
4 1,3,5,4,5 active 3
2 1,3,6,0,0 send 1 1 4 11
3 1,3,6,6,0 recv 1 1 4 11
3 1,3,6,7,0 send 1 1 4 12
4 1,3,6,7,6 recv 1 1 4 12
4 1,3,6,7,7 send 2 1 4 13
4 1,3,6,7,8 send 1 1 3 14
0 6,3,6,7,8 recv 2 1 4 13
0 7,3,6,7,8 send 2 1 4 15
0 8,3,6,7,8 recv 1 1 3 14
0 9,3,6,7,8 send 1 1 3 16
1 9,6,6,7,8 recv 2 1 4 15
1 9,7,6,7,8 send 2 1 4 17
1 9,8,6,7,8 recv 1 1 3 16
1 9,9,6,7,8 send 1 1 3 18
2 9,9,7,7,8 recv 2 1 4 17
2 9,9,8,7,8 recv 1 1 3 18
2 9,9,9,7,8 send 2 1 3 19
3 9,9,9,8,8 recv 2 1 3 19
3 9,9,9,9,8 send 2 1 3 20
2 9,9,10,7,8 relay
4 9,9,9,9,9 recv 2 1 3 20
4 9,9,9,9,10 active 4
4 9,9,9,9,11 send 1 2 4 21
0 10,9,9,9,11 recv 1 2 4 21
0 11,9,9,9,11 send 1 2 4 22
1 11,10,9,9,11 recv 1 2 4 22
1 11,11,9,9,11 send 1 2 4 23
2 11,11,11,9,11 recv 1 2 4 23
2 11,11,12,9,11 send 1 2 4 24
3 11,11,12,10,11 recv 1 2 4 24
3 11,11,12,11,11 send 1 2 4 25
4 11,11,12,11,12 recv 1 2 4 25
4 11,11,12,11,13 leader 4
