1 0,1,0,0,0 send 1 0 3 1
0 1,0,0,0,0 send 1 0 0 2
2 0,1,1,0,0 recv 1 0 3 1
1 1,2,0,0,0 recv 1 0 0 2
2 0,1,2,0,0 send 2 0 3 3
1 1,3,0,0,0 send 2 0 0 4
2 0,1,3,0,0 send 1 0 1 5
3 0,1,3,1,0 recv 2 0 3 3
2 1,3,4,0,0 recv 2 0 0 4
3 0,1,3,2,0 send 1 0 4 6
2 1,3,5,0,0 active 3
2 1,3,5,0,0 round-done 0
4 0,1,3,2,1 recv 1 0 4 6
4 0,1,3,2,2 send 2 0 4 7
0 2,1,3,2,2 recv 2 0 4 7
4 0,1,3,2,3 send 1 0 2 8
3 1,3,5,3,0 recv 1 0 1 5
0 3,1,3,2,3 recv 1 0 2 8
0 4,1,3,2,3 send 2 0 2 9
3 1,3,5,4,0 send 2 0 1 10
3 1,3,5,5,0 relay
3 1,3,5,5,0 round-done 0
1 4,4,3,2,3 recv 2 0 2 9
0 5,1,3,2,3 relay
0 5,1,3,2,3 round-done 0
4 1,3,5,5,4 recv 2 0 1 10
4 1,3,5,5,5 active 4
4 1,3,5,5,5 round-done 0
1 4,5,3,2,3 relay
1 4,5,3,2,3 round-done 0
4 1,3,5,5,6 send 1 1 4 11
0 6,3,5,5,6 recv 1 1 4 11
0 7,3,5,5,6 send 1 1 4 12
1 7,6,5,5,6 recv 1 1 4 12
1 7,7,5,5,6 send 1 1 4 13
2 7,7,6,5,6 recv 1 1 4 13
2 7,7,7,5,6 send 2 1 4 14
2 7,7,8,5,6 send 1 1 3 15
3 7,7,8,6,6 recv 2 1 4 14
3 7,7,8,7,6 send 2 1 4 16
4 7,7,8,7,7 recv 2 1 4 16
3 7,7,8,8,6 recv 1 1 3 15
3 7,7,8,9,6 send 1 1 3 17
4 7,7,8,9,8 recv 1 1 3 17
4 7,7,8,9,9 send 2 1 3 18
0 8,7,8,9,9 recv 2 1 3 18
0 9,7,8,9,9 send 2 1 3 19
4 7,7,8,9,10 relay
4 7,7,8,9,10 round-done 1
1 9,8,8,9,9 recv 2 1 3 19
1 9,9,8,9,9 send 2 1 3 20
2 9,9,9,9,9 recv 2 1 3 20
2 9,9,10,9,9 active 4
2 9,9,10,9,9 round-done 1
2 9,9,11,9,9 send 1 2 4 21
3 9,9,11,10,9 recv 1 2 4 21
3 9,9,11,11,9 send 1 2 4 22
4 9,9,11,11,11 recv 1 2 4 22
4 9,9,11,11,12 send 1 2 4 23
0 10,9,11,11,12 recv 1 2 4 23
0 11,9,11,11,12 send 1 2 4 24
1 11,10,11,11,12 recv 1 2 4 24
1 11,11,11,11,12 send 1 2 4 25
2 11,11,12,11,12 recv 1 2 4 25
2 11,11,13,11,12 leader 4
