3 0,0,0,1,0 send 1 0 2 1
1 0,1,0,0,0 send 1 0 4 2
2 0,0,1,0,0 send 1 0 0 3
3 0,0,1,2,0 recv 1 0 0 3
4 0,0,0,0,1 send 1 0 1 4
3 0,0,1,3,0 send 2 0 0 5
4 0,0,1,3,2 recv 1 0 2 1
2 0,1,2,0,0 recv 1 0 4 2
4 0,0,1,3,3 send 2 0 2 6
4 0,0,1,3,4 recv 2 0 0 5
2 0,1,3,0,0 send 2 0 4 7
4 0,0,1,3,5 active 2
4 0,0,1,3,5 round-done 0
3 0,1,3,4,0 recv 2 0 4 7
3 0,1,3,5,0 relay
3 0,1,3,5,0 round-done 0
0 1,0,0,0,0 send 1 0 3 8
1 1,2,0,0,0 recv 1 0 3 8
0 2,0,1,3,5 recv 1 0 1 4
1 1,3,0,0,0 send 2 0 3 9
0 3,0,1,3,5 recv 2 0 2 6
2 1,3,4,0,0 recv 2 0 3 9
2 1,3,5,0,0 active 4
2 1,3,5,0,0 round-done 0
0 4,0,1,3,5 send 2 0 1 10
1 4,4,1,3,5 recv 2 0 1 10
0 5,0,1,3,5 relay
0 5,0,1,3,5 round-done 0
1 4,5,1,3,5 relay
1 4,5,1,3,5 round-done 0
2 1,3,6,0,0 send 1 1 4 11
3 1,3,6,6,0 recv 1 1 4 11
3 1,3,6,7,0 send 1 1 4 12
4 0,0,1,3,6 send 1 1 2 13
0 6,0,1,3,6 recv 1 1 2 13
0 7,0,1,3,6 send 1 1 2 14
1 7,6,1,3,6 recv 1 1 2 14
1 7,7,1,3,6 send 1 1 2 15
4 1,3,6,7,7 recv 1 1 4 12
4 1,3,6,7,8 send 2 1 4 16
0 8,3,6,7,8 recv 2 1 4 16
0 9,3,6,7,8 send 2 1 4 17
2 7,7,7,3,6 recv 1 1 2 15
1 9,8,6,7,8 recv 2 1 4 17
1 9,9,6,7,8 send 2 1 4 18
2 9,9,8,7,8 recv 2 1 4 18
2 9,9,9,7,8 send 2 1 2 19
2 9,9,10,7,8 relay
2 9,9,10,7,8 round-done 1
3 9,9,10,8,8 recv 2 1 2 19
3 9,9,10,9,8 send 2 1 2 20
4 9,9,10,9,9 recv 2 1 2 20
4 9,9,10,9,10 active 4
4 9,9,10,9,10 round-done 1
4 9,9,10,9,11 send 1 2 4 21
0 10,9,10,9,11 recv 1 2 4 21
0 11,9,10,9,11 send 1 2 4 22
1 11,10,10,9,11 recv 1 2 4 22
1 11,11,10,9,11 send 1 2 4 23
2 11,11,11,9,11 recv 1 2 4 23
2 11,11,12,9,11 send 1 2 4 24
3 11,11,12,10,11 recv 1 2 4 24
3 11,11,12,11,11 send 1 2 4 25
4 11,11,12,11,12 recv 1 2 4 25
4 11,11,12,11,13 leader 4
