0 1,0,0,0,0 send 1 0 3 1
1 0,1,0,0,0 send 1 0 1 2
2 0,0,1,0,0 send 1 0 2 3
3 0,0,0,1,0 send 1 0 0 4
3 0,0,1,2,0 recv 1 0 2 3
2 0,1,2,0,0 recv 1 0 1 2
1 1,2,0,0,0 recv 1 0 3 1
1 1,3,0,0,0 send 2 0 3 5
3 0,0,1,3,0 send 2 0 2 6
2 1,3,3,0,0 recv 2 0 3 5
4 0,0,0,0,1 send 1 0 4 7
2 1,3,4,0,0 send 2 0 1 8
4 0,0,1,3,2 recv 1 0 0 4
2 1,3,5,0,0 relay
2 1,3,5,0,0 round-done 0
3 1,3,5,4,0 recv 2 0 1 8
3 1,3,5,5,0 active 2
3 1,3,5,5,0 round-done 0
4 0,0,1,3,3 send 2 0 0 9
0 2,0,1,3,3 recv 1 0 4 7
0 3,0,1,3,3 recv 2 0 0 9
4 1,3,5,5,4 recv 2 0 2 6
0 4,0,1,3,3 send 2 0 4 10
4 1,3,5,5,5 relay
4 1,3,5,5,5 round-done 0
1 4,4,1,3,3 recv 2 0 4 10
0 5,0,1,3,3 active 4
0 5,0,1,3,3 round-done 0
1 4,5,1,3,3 relay
1 4,5,1,3,3 round-done 0
3 1,3,5,6,0 send 1 1 2 11
0 6,0,1,3,3 send 1 1 4 12
4 1,3,5,6,6 recv 1 1 2 11
4 1,3,5,6,7 send 1 1 2 13
1 6,6,1,3,3 recv 1 1 4 12
1 6,7,1,3,3 send 1 1 4 14
2 6,7,6,3,3 recv 1 1 4 14
2 6,7,7,3,3 send 1 1 4 15
0 7,3,5,6,7 recv 1 1 2 13
3 6,7,7,7,3 recv 1 1 4 15
3 6,7,7,8,3 send 2 1 4 16
0 8,3,5,6,7 send 2 1 2 17
1 8,8,5,6,7 recv 2 1 2 17
1 8,9,5,6,7 send 2 1 2 18
2 8,9,8,6,7 recv 2 1 2 18
2 8,9,9,6,7 send 2 1 2 19
4 6,7,7,8,8 recv 2 1 4 16
4 6,7,7,8,9 send 2 1 4 20
3 8,9,9,9,7 recv 2 1 2 19
0 9,7,7,8,9 recv 2 1 4 20
0 10,7,7,8,9 relay
0 10,7,7,8,9 round-done 1
3 8,9,9,10,7 active 4
3 8,9,9,10,7 round-done 1
3 8,9,9,11,7 send 1 2 4 21
4 8,9,9,11,10 recv 1 2 4 21
4 8,9,9,11,11 send 1 2 4 22
0 11,9,9,11,11 recv 1 2 4 22
0 12,9,9,11,11 send 1 2 4 23
1 12,10,9,11,11 recv 1 2 4 23
1 12,11,9,11,11 send 1 2 4 24
2 12,11,10,11,11 recv 1 2 4 24
2 12,11,11,11,11 send 1 2 4 25
3 12,11,11,12,11 recv 1 2 4 25
3 12,11,11,13,11 leader 4
