0 1,0,0,0,0 send 1 0 4 1
1 1,1,0,0,0 recv 1 0 4 1
1 1,2,0,0,0 send 1 0 0 2
2 0,0,1,0,0 send 1 0 3 3
4 0,0,0,0,1 send 1 0 2 4
0 2,0,0,0,1 recv 1 0 2 4
3 0,0,1,1,0 recv 1 0 3 3
1 1,3,0,0,0 send 2 0 4 5
3 0,0,1,2,0 send 2 0 3 6
2 1,3,2,0,0 recv 1 0 0 2
0 3,0,0,0,1 send 2 0 2 7
1 3,4,0,0,1 recv 2 0 2 7
1 3,5,0,0,1 active 4
1 3,5,0,0,1 round-done 0
2 1,3,3,0,0 send 2 0 0 8
3 0,0,1,3,0 send 1 0 1 9
3 1,3,3,4,0 recv 2 0 0 8
2 3,5,4,0,1 recv 2 0 4 5
3 1,3,3,5,0 active 3
3 1,3,3,5,0 round-done 0
4 1,3,3,5,2 recv 2 0 3 6
2 3,5,5,0,1 relay
2 3,5,5,0,1 round-done 0
4 1,3,3,5,3 recv 1 0 1 9
4 1,3,3,5,4 send 2 0 1 10
0 4,3,3,5,4 recv 2 0 1 10
0 5,3,3,5,4 relay
0 5,3,3,5,4 round-done 0
4 1,3,3,5,5 relay
4 1,3,3,5,5 round-done 0
3 1,3,3,6,0 send 1 1 3 11
4 1,3,3,6,6 recv 1 1 3 11
4 1,3,3,6,7 send 1 1 3 12
0 6,3,3,6,7 recv 1 1 3 12
0 7,3,3,6,7 send 1 1 3 13
1 7,6,3,6,7 recv 1 1 3 13
1 7,7,3,6,7 send 2 1 3 14
1 7,8,3,6,7 send 1 1 4 15
2 7,8,6,6,7 recv 2 1 3 14
2 7,8,7,6,7 send 2 1 3 16
3 7,8,7,7,7 recv 2 1 3 16
2 7,8,8,6,7 recv 1 1 4 15
2 7,8,9,6,7 send 1 1 4 17
3 7,8,9,8,7 recv 1 1 4 17
3 7,8,9,9,7 send 2 1 4 18
4 7,8,9,9,8 recv 2 1 4 18
4 7,8,9,9,9 send 2 1 4 19
0 8,8,9,9,9 recv 2 1 4 19
0 9,8,9,9,9 send 2 1 4 20
3 7,8,9,10,7 active 4
3 7,8,9,10,7 round-done 1
1 9,9,9,9,9 recv 2 1 4 20
1 9,10,9,9,9 relay
1 9,10,9,9,9 round-done 1
3 7,8,9,11,7 send 1 2 4 21
4 7,8,9,11,10 recv 1 2 4 21
4 7,8,9,11,11 send 1 2 4 22
0 10,8,9,11,11 recv 1 2 4 22
0 11,8,9,11,11 send 1 2 4 23
1 11,11,9,11,11 recv 1 2 4 23
1 11,12,9,11,11 send 1 2 4 24
2 11,12,10,11,11 recv 1 2 4 24
2 11,12,11,11,11 send 1 2 4 25
3 11,12,11,12,11 recv 1 2 4 25
3 11,12,11,13,11 leader 4
