1 0,1,0,0,0 send 1 0 0 1
2 0,1,1,0,0 recv 1 0 0 1
0 1,0,0,0,0 send 1 0 1 2
3 0,0,0,1,0 send 1 0 4 3
2 0,1,2,0,0 send 2 0 0 4
2 0,1,3,0,0 send 1 0 3 5
1 1,2,0,0,0 recv 1 0 1 2
3 0,1,3,2,0 recv 2 0 0 4
3 0,1,3,3,0 recv 1 0 3 5
4 0,0,0,0,1 send 1 0 2 6
1 1,3,0,0,0 send 2 0 1 7
2 1,3,4,0,0 recv 2 0 1 7
3 0,1,3,4,0 send 2 0 3 8
0 2,0,0,0,1 recv 1 0 2 6
3 0,1,3,5,0 relay
3 0,1,3,5,0 round-done 0
0 3,0,0,0,1 send 2 0 2 9
2 1,3,5,0,0 relay
2 1,3,5,0,0 round-done 0
1 3,4,0,0,1 recv 2 0 2 9
1 3,5,0,0,1 relay
1 3,5,0,0,1 round-done 0
4 0,1,3,5,2 recv 1 0 4 3
4 0,1,3,5,3 send 2 0 4 10
0 4,1,3,5,3 recv 2 0 4 10
4 0,1,3,5,4 recv 2 0 3 8
0 5,1,3,5,3 relay
0 5,1,3,5,3 round-done 0
4 0,1,3,5,5 active 4
4 0,1,3,5,5 round-done 0
4 0,1,3,5,6 send 1 1 4 11
0 6,1,3,5,6 recv 1 1 4 11
0 7,1,3,5,6 send 1 1 4 12
1 7,6,3,5,6 recv 1 1 4 12
1 7,7,3,5,6 send 1 1 4 13
2 7,7,6,5,6 recv 1 1 4 13
2 7,7,7,5,6 send 1 1 4 14
3 7,7,7,6,6 recv 1 1 4 14
3 7,7,7,7,6 send 1 1 4 15
4 7,7,7,7,7 recv 1 1 4 15
4 7,7,7,7,8 leader 4
