2 0,0,1,0,0 send 1 0 2 1
0 1,0,0,0,0 send 1 0 4 2
4 0,0,0,0,1 send 1 0 3 3
3 0,0,0,1,0 send 1 0 1 4
1 0,1,0,0,0 send 1 0 0 5
0 2,0,0,0,1 recv 1 0 3 3
4 0,0,0,1,2 recv 1 0 1 4
3 0,0,1,2,0 recv 1 0 2 1
1 2,2,0,0,1 recv 1 0 4 2
0 3,0,0,0,1 send 2 0 3 6
4 0,0,0,1,3 send 2 0 1 7
3 0,0,1,3,0 send 2 0 2 8
0 4,0,0,1,3 recv 2 0 1 7
4 0,0,1,3,4 recv 2 0 2 8
2 2,2,2,0,1 recv 1 0 0 5
1 4,3,0,1,3 recv 2 0 3 6
2 2,2,3,0,1 send 2 0 0 9
1 4,4,0,1,3 send 2 0 4 10
4 0,0,1,3,5 relay
4 0,0,1,3,5 round-done 0
0 5,0,0,1,3 relay
0 5,0,0,1,3 round-done 0
3 2,2,3,4,1 recv 2 0 0 9
2 4,4,4,1,3 recv 2 0 4 10
1 4,5,0,1,3 active 4
1 4,5,0,1,3 round-done 0
3 2,2,3,5,1 active 2
3 2,2,3,5,1 round-done 0
2 4,4,5,1,3 relay
2 4,4,5,1,3 round-done 0
1 4,6,0,1,3 send 1 1 4 11
3 2,2,3,6,1 send 1 1 2 12
2 4,6,6,1,3 recv 1 1 4 11
2 4,6,7,1,3 send 1 1 4 13
4 2,2,3,6,6 recv 1 1 2 12
4 2,2,3,6,7 send 1 1 2 14
0 6,2,3,6,7 recv 1 1 2 14
0 7,2,3,6,7 send 1 1 2 15
3 4,6,7,7,3 recv 1 1 4 13
1 7,7,3,6,7 recv 1 1 2 15
3 4,6,7,8,3 send 2 1 4 16
1 7,8,3,6,7 send 2 1 2 17
4 4,6,7,8,8 recv 2 1 4 16
4 4,6,7,8,9 send 2 1 4 18
2 7,8,8,6,7 recv 2 1 2 17
2 7,8,9,6,7 send 2 1 2 19
0 8,6,7,8,9 recv 2 1 4 18
0 9,6,7,8,9 send 2 1 4 20
3 7,8,9,9,7 recv 2 1 2 19
1 9,9,7,8,9 recv 2 1 4 20
1 9,10,7,8,9 relay
1 9,10,7,8,9 round-done 1
3 7,8,9,10,7 active 4
3 7,8,9,10,7 round-done 1
3 7,8,9,11,7 send 1 2 4 21
4 7,8,9,11,10 recv 1 2 4 21
4 7,8,9,11,11 send 1 2 4 22
0 10,8,9,11,11 recv 1 2 4 22
0 11,8,9,11,11 send 1 2 4 23
1 11,11,9,11,11 recv 1 2 4 23
1 11,12,9,11,11 send 1 2 4 24
2 11,12,10,11,11 recv 1 2 4 24
2 11,12,11,11,11 send 1 2 4 25
3 11,12,11,12,11 recv 1 2 4 25
3 11,12,11,13,11 leader 4
