1 0,1,0,0,0 send 1 0 4 1
2 0,1,1,0,0 recv 1 0 4 1
0 1,0,0,0,0 send 1 0 3 2
4 0,0,0,0,1 send 1 0 1 3
0 2,0,0,0,1 recv 1 0 1 3
1 2,2,0,0,1 recv 1 0 3 2
2 0,1,2,0,0 send 2 0 4 4
3 0,1,2,1,0 recv 2 0 4 4
0 3,0,0,0,1 send 2 0 1 5
3 0,1,2,2,0 send 1 0 2 6
2 0,1,3,0,0 send 1 0 0 7
1 3,3,0,0,1 recv 2 0 1 5
1 3,4,0,0,1 send 2 0 3 8
4 0,1,2,2,2 recv 1 0 2 6
3 0,1,3,3,0 recv 1 0 0 7
2 3,4,4,0,1 recv 2 0 3 8
4 0,1,2,2,3 send 2 0 2 9
1 3,5,0,0,1 relay
1 3,5,0,0,1 round-done 0
3 0,1,3,4,0 send 2 0 0 10
2 3,4,5,0,1 active 4
2 3,4,5,0,1 round-done 0
0 4,1,2,2,3 recv 2 0 2 9
0 5,1,2,2,3 relay
0 5,1,2,2,3 round-done 0
3 0,1,3,5,0 relay
3 0,1,3,5,0 round-done 0
4 0,1,3,5,4 recv 2 0 0 10
4 0,1,3,5,5 active 2
4 0,1,3,5,5 round-done 0
2 3,4,6,0,1 send 1 1 4 11
3 3,4,6,6,1 recv 1 1 4 11
3 3,4,6,7,1 send 1 1 4 12
4 3,4,6,7,6 recv 1 1 4 12
4 3,4,6,7,7 send 1 1 2 13
0 6,4,6,7,7 recv 1 1 2 13
0 7,4,6,7,7 send 1 1 2 14
1 7,6,6,7,7 recv 1 1 2 14
1 7,7,6,7,7 send 1 1 2 15
2 7,7,7,7,7 recv 1 1 2 15
4 3,4,6,7,8 send 2 1 4 16
0 8,4,6,7,8 recv 2 1 4 16
0 9,4,6,7,8 send 2 1 4 17
1 9,8,6,7,8 recv 2 1 4 17
1 9,9,6,7,8 send 2 1 4 18
2 7,7,8,7,7 send 2 1 2 19
3 7,7,8,8,7 recv 2 1 2 19
3 7,7,8,9,7 send 2 1 2 20
2 9,9,9,7,8 recv 2 1 4 18
4 7,7,8,9,9 recv 2 1 2 20
2 9,9,10,7,8 relay
2 9,9,10,7,8 round-done 1
4 7,7,8,9,10 active 4
4 7,7,8,9,10 round-done 1
4 7,7,8,9,11 send 1 2 4 21
0 10,7,8,9,11 recv 1 2 4 21
0 11,7,8,9,11 send 1 2 4 22
1 11,10,8,9,11 recv 1 2 4 22
1 11,11,8,9,11 send 1 2 4 23
2 11,11,11,9,11 recv 1 2 4 23
2 11,11,12,9,11 send 1 2 4 24
3 11,11,12,10,11 recv 1 2 4 24
3 11,11,12,11,11 send 1 2 4 25
4 11,11,12,11,12 recv 1 2 4 25
4 11,11,12,11,13 leader 4
