2 0,0,1,0,0 send 1 0 1 1
0 1,0,0,0,0 send 1 0 0 2
1 0,1,0,0,0 send 1 0 3 3
3 0,0,1,1,0 recv 1 0 1 1
3 0,0,1,2,0 send 1 0 2 4
1 1,2,0,0,0 recv 1 0 0 2
4 0,0,1,2,1 recv 1 0 2 4
3 0,0,1,3,0 send 2 0 1 5
4 0,0,1,2,2 send 2 0 2 6
0 2,0,1,2,2 recv 2 0 2 6
1 1,3,0,0,0 send 2 0 0 7
4 0,0,1,2,3 send 1 0 4 8
2 1,3,2,0,0 recv 1 0 3 3
2 1,3,3,0,0 recv 2 0 0 7
0 3,0,1,2,3 recv 1 0 4 8
4 0,0,1,3,4 recv 2 0 1 5
0 4,0,1,2,3 send 2 0 4 9
1 4,4,1,2,3 recv 2 0 4 9
4 0,0,1,3,5 relay
4 0,0,1,3,5 round-done 0
2 1,3,4,0,0 send 2 0 3 10
3 1,3,4,4,0 recv 2 0 3 10
1 4,5,1,2,3 relay
1 4,5,1,2,3 round-done 0
0 5,0,1,2,3 active 4
0 5,0,1,2,3 round-done 0
2 1,3,5,0,0 active 3
2 1,3,5,0,0 round-done 0
3 1,3,4,5,0 relay
3 1,3,4,5,0 round-done 0
0 6,0,1,2,3 send 1 1 4 11
1 6,6,1,2,3 recv 1 1 4 11
1 6,7,1,2,3 send 1 1 4 12
2 1,3,6,0,0 send 1 1 3 13
3 1,3,6,6,0 recv 1 1 3 13
3 1,3,6,7,0 send 1 1 3 14
4 1,3,6,7,6 recv 1 1 3 14
4 1,3,6,7,7 send 1 1 3 15
0 7,3,6,7,7 recv 1 1 3 15
2 6,7,7,2,3 recv 1 1 4 12
0 8,3,6,7,7 send 2 1 3 16
1 8,8,6,7,7 recv 2 1 3 16
1 8,9,6,7,7 send 2 1 3 17
2 6,7,8,2,3 send 2 1 4 18
2 8,9,9,7,7 recv 2 1 3 17
3 8,9,9,8,7 recv 2 1 4 18
3 8,9,9,9,7 send 2 1 4 19
2 8,9,10,7,7 active 4
2 8,9,10,7,7 round-done 1
4 8,9,9,9,8 recv 2 1 4 19
4 8,9,9,9,9 send 2 1 4 20
0 9,9,9,9,9 recv 2 1 4 20
0 10,9,9,9,9 relay
0 10,9,9,9,9 round-done 1
2 8,9,11,7,7 send 1 2 4 21
3 8,9,11,10,7 recv 1 2 4 21
3 8,9,11,11,7 send 1 2 4 22
4 8,9,11,11,10 recv 1 2 4 22
4 8,9,11,11,11 send 1 2 4 23
0 11,9,11,11,11 recv 1 2 4 23
0 12,9,11,11,11 send 1 2 4 24
1 12,10,11,11,11 recv 1 2 4 24
1 12,11,11,11,11 send 1 2 4 25
2 12,11,12,11,11 recv 1 2 4 25
2 12,11,13,11,11 leader 4
