1 0,1,0,0,0 send 1 0 0 1
2 0,1,1,0,0 recv 1 0 0 1
4 0,0,0,0,1 send 1 0 1 2
2 0,1,2,0,0 send 2 0 0 3
0 1,0,0,0,1 recv 1 0 1 2
2 0,1,3,0,0 send 1 0 4 4
3 0,0,0,1,0 send 1 0 3 5
0 2,0,0,0,1 send 1 0 2 6
4 0,0,0,1,2 recv 1 0 3 5
3 0,1,3,2,0 recv 2 0 0 3
0 3,0,0,0,1 send 2 0 1 7
4 0,0,0,1,3 send 2 0 3 8
1 3,2,0,0,1 recv 1 0 2 6
0 4,0,0,1,3 recv 2 0 3 8
1 3,3,0,0,1 send 2 0 2 9
3 0,1,3,3,0 recv 1 0 4 4
1 4,4,0,1,3 recv 2 0 1 7
2 4,4,4,1,3 recv 2 0 2 9
0 5,0,0,1,3 relay
1 4,5,0,1,3 active 2
2 4,4,5,1,3 relay
3 0,1,3,4,0 send 2 0 4 10
4 0,1,3,4,4 recv 2 0 4 10
3 0,1,3,5,0 active 4
4 0,1,3,4,5 relay
3 0,1,3,6,0 send 1 1 4 11
4 0,1,3,6,6 recv 1 1 4 11
4 0,1,3,6,7 send 1 1 4 12
0 6,1,3,6,7 recv 1 1 4 12
0 7,1,3,6,7 send 1 1 4 13
1 4,6,0,1,3 send 1 1 2 14
2 4,6,6,1,3 recv 1 1 2 14
2 4,6,7,1,3 send 1 1 2 15
3 4,6,7,7,3 recv 1 1 2 15
3 4,6,7,8,3 send 2 1 2 16
4 4,6,7,8,8 recv 2 1 2 16
4 4,6,7,8,9 send 2 1 2 17
0 8,6,7,8,9 recv 2 1 2 17
0 9,6,7,8,9 send 2 1 2 18
1 9,7,7,8,9 recv 1 1 4 13
1 9,8,7,8,9 send 2 1 4 19
2 9,8,8,8,9 recv 2 1 4 19
2 9,8,9,8,9 send 2 1 4 20
1 9,9,7,8,9 recv 2 1 2 18
3 9,8,9,9,9 recv 2 1 4 20
1 9,10,7,8,9 active 4
3 9,8,9,10,9 relay
1 9,11,7,8,9 send 1 2 4 21
2 9,11,10,8,9 recv 1 2 4 21
2 9,11,11,8,9 send 1 2 4 22
3 9,11,11,11,9 recv 1 2 4 22
3 9,11,11,12,9 send 1 2 4 23
4 9,11,11,12,10 recv 1 2 4 23
4 9,11,11,12,11 send 1 2 4 24
0 10,11,11,12,11 recv 1 2 4 24
0 11,11,11,12,11 send 1 2 4 25
1 11,12,11,12,11 recv 1 2 4 25
1 11,13,11,12,11 leader 4
