0 1,0,0,0,0 send 1 0 3 1
3 0,0,0,1,0 send 1 0 2 2
1 0,1,0,0,0 send 1 0 1 3
2 0,0,1,0,0 send 1 0 4 4
4 0,0,0,0,1 send 1 0 0 5
3 0,0,1,2,0 recv 1 0 4 4
1 1,2,0,0,0 recv 1 0 3 1
1 1,3,0,0,0 send 2 0 3 6
4 0,0,1,2,2 recv 1 0 2 2
3 0,0,1,3,0 send 2 0 4 7
2 1,3,2,0,0 recv 1 0 1 3
0 2,0,1,2,2 recv 1 0 0 5
4 0,0,1,3,3 recv 2 0 4 7
2 1,3,3,0,0 recv 2 0 3 6
0 3,0,1,2,2 send 2 0 0 8
4 0,0,1,3,4 send 2 0 2 9
2 1,3,4,0,0 send 2 0 1 10
1 3,4,1,2,2 recv 2 0 0 8
0 4,0,1,3,4 recv 2 0 2 9
2 1,3,5,0,0 relay
2 1,3,5,0,0 round-done 0
3 1,3,5,4,0 recv 2 0 1 10
4 0,0,1,3,5 relay
4 0,0,1,3,5 round-done 0
1 3,5,1,2,2 active 3
1 3,5,1,2,2 round-done 0
0 5,0,1,3,4 relay
0 5,0,1,3,4 round-done 0
3 1,3,5,5,0 active 4
3 1,3,5,5,0 round-done 0
3 1,3,5,6,0 send 1 1 4 11
4 1,3,5,6,6 recv 1 1 4 11
4 1,3,5,6,7 send 1 1 4 12
0 6,3,5,6,7 recv 1 1 4 12
0 7,3,5,6,7 send 1 1 4 13
1 3,6,1,2,2 send 1 1 3 14
1 7,7,5,6,7 recv 1 1 4 13
2 7,7,6,6,7 recv 1 1 3 14
2 7,7,7,6,7 send 1 1 3 15
3 7,7,7,7,7 recv 1 1 3 15
3 7,7,7,8,7 send 2 1 3 16
1 7,8,5,6,7 send 2 1 4 17
2 7,8,8,6,7 recv 2 1 4 17
2 7,8,9,6,7 send 2 1 4 18
4 7,7,7,8,8 recv 2 1 3 16
4 7,7,7,8,9 send 2 1 3 19
3 7,8,9,9,7 recv 2 1 4 18
0 8,7,7,8,9 recv 2 1 3 19
0 9,7,7,8,9 send 2 1 3 20
1 9,9,7,8,9 recv 2 1 3 20
3 7,8,9,10,7 relay
3 7,8,9,10,7 round-done 1
1 9,10,7,8,9 active 4
1 9,10,7,8,9 round-done 1
1 9,11,7,8,9 send 1 2 4 21
2 9,11,10,8,9 recv 1 2 4 21
2 9,11,11,8,9 send 1 2 4 22
3 9,11,11,11,9 recv 1 2 4 22
3 9,11,11,12,9 send 1 2 4 23
4 9,11,11,12,10 recv 1 2 4 23
4 9,11,11,12,11 send 1 2 4 24
0 10,11,11,12,11 recv 1 2 4 24
0 11,11,11,12,11 send 1 2 4 25
1 11,12,11,12,11 recv 1 2 4 25
1 11,13,11,12,11 leader 4
