4 0,0,0,0,1 send 1 0 4 1
3 0,0,0,1,0 send 1 0 2 2
1 0,1,0,0,0 send 1 0 1 3
2 0,0,1,0,0 send 1 0 3 4
2 0,1,2,0,0 recv 1 0 1 3
3 0,1,2,2,0 recv 1 0 3 4
4 0,1,2,2,2 recv 1 0 2 2
2 0,1,3,0,0 send 2 0 1 5
3 0,1,2,3,0 send 2 0 3 6
4 0,1,2,3,3 recv 2 0 3 6
0 1,1,2,3,3 recv 1 0 4 1
4 0,1,2,3,4 send 2 0 2 7
0 2,1,2,3,3 send 1 0 0 8
3 0,1,3,4,0 recv 2 0 1 5
3 0,1,3,5,0 active 3
3 0,1,3,5,0 round-done 0
0 3,1,2,3,3 send 2 0 4 9
4 0,1,2,3,5 relay
4 0,1,2,3,5 round-done 0
0 4,1,2,3,5 recv 2 0 2 7
0 5,1,2,3,5 active 4
0 5,1,2,3,5 round-done 0
1 5,2,2,3,5 recv 1 0 0 8
1 5,3,2,3,5 send 2 0 0 10
2 5,3,4,3,5 recv 2 0 0 10
1 5,4,2,3,5 recv 2 0 4 9
2 5,3,5,3,5 relay
2 5,3,5,3,5 round-done 0
1 5,5,2,3,5 relay
1 5,5,2,3,5 round-done 0
0 6,1,2,3,5 send 1 1 4 11
1 6,6,2,3,5 recv 1 1 4 11
1 6,7,2,3,5 send 1 1 4 12
2 6,7,6,3,5 recv 1 1 4 12
2 6,7,7,3,5 send 1 1 4 13
3 6,7,7,6,5 recv 1 1 4 13
3 6,7,7,7,5 send 2 1 4 14
4 6,7,7,7,6 recv 2 1 4 14
4 6,7,7,7,7 send 2 1 4 15
0 7,7,7,7,7 recv 2 1 4 15
3 6,7,7,8,5 send 1 1 3 16
4 6,7,7,8,8 recv 1 1 3 16
4 6,7,7,8,9 send 1 1 3 17
0 8,7,7,8,9 recv 1 1 3 17
0 9,7,7,8,9 send 2 1 3 18
1 9,8,7,8,9 recv 2 1 3 18
1 9,9,7,8,9 send 2 1 3 19
2 9,9,8,8,9 recv 2 1 3 19
2 9,9,9,8,9 send 2 1 3 20
3 9,9,9,9,9 recv 2 1 3 20
0 10,7,7,8,9 relay
0 10,7,7,8,9 round-done 1
3 9,9,9,10,9 active 4
3 9,9,9,10,9 round-done 1
3 9,9,9,11,9 send 1 2 4 21
4 9,9,9,11,10 recv 1 2 4 21
4 9,9,9,11,11 send 1 2 4 22
0 11,9,9,11,11 recv 1 2 4 22
0 12,9,9,11,11 send 1 2 4 23
1 12,10,9,11,11 recv 1 2 4 23
1 12,11,9,11,11 send 1 2 4 24
2 12,11,10,11,11 recv 1 2 4 24
2 12,11,11,11,11 send 1 2 4 25
3 12,11,11,12,11 recv 1 2 4 25
3 12,11,11,13,11 leader 4
