4 0,0,0,0,1 send 1 0 2 1
0 1,0,0,0,1 recv 1 0 2 1
0 2,0,0,0,1 send 2 0 2 2
2 0,0,1,0,0 send 1 0 3 3
3 0,0,1,1,0 recv 1 0 3 3
0 3,0,0,0,1 send 1 0 4 4
3 0,0,1,2,0 send 1 0 1 5
1 3,1,0,0,1 recv 2 0 2 2
3 0,0,1,3,0 send 2 0 3 6
1 3,2,0,0,1 recv 1 0 4 4
4 0,0,1,3,2 recv 1 0 1 5
1 3,3,0,0,1 send 2 0 4 7
4 0,0,1,3,3 recv 2 0 3 6
4 0,0,1,3,4 send 2 0 1 8
0 4,0,1,3,4 recv 2 0 1 8
1 3,4,0,0,1 send 1 0 0 9
2 3,4,2,0,1 recv 2 0 4 7
1 3,5,0,0,1 active 4
1 3,5,0,0,1 round-done 0
0 5,0,1,3,4 relay
0 5,0,1,3,4 round-done 0
4 0,0,1,3,5 relay
4 0,0,1,3,5 round-done 0
2 3,5,3,0,1 recv 1 0 0 9
2 3,5,4,0,1 send 2 0 0 10
2 3,5,5,0,1 relay
2 3,5,5,0,1 round-done 0
3 3,5,5,4,1 recv 2 0 0 10
3 3,5,5,5,1 active 3
3 3,5,5,5,1 round-done 0
1 3,6,0,0,1 send 1 1 4 11
3 3,5,5,6,1 send 1 1 3 12
2 3,6,6,0,1 recv 1 1 4 11
2 3,6,7,0,1 send 1 1 4 13
3 3,6,7,7,1 recv 1 1 4 13
4 3,6,7,7,6 recv 1 1 3 12
4 3,6,7,7,7 send 1 1 3 14
0 6,6,7,7,7 recv 1 1 3 14
0 7,6,7,7,7 send 1 1 3 15
3 3,6,7,8,1 send 2 1 4 16
4 3,6,7,8,8 recv 2 1 4 16
4 3,6,7,8,9 send 2 1 4 17
0 8,6,7,8,9 recv 2 1 4 17
0 9,6,7,8,9 send 2 1 4 18
1 9,7,7,8,9 recv 1 1 3 15
1 9,8,7,8,9 send 2 1 3 19
2 9,8,8,8,9 recv 2 1 3 19
2 9,8,9,8,9 send 2 1 3 20
1 9,9,7,8,9 recv 2 1 4 18
3 9,8,9,9,9 recv 2 1 3 20
1 9,10,7,8,9 relay
1 9,10,7,8,9 round-done 1
3 9,8,9,10,9 active 4
3 9,8,9,10,9 round-done 1
3 9,8,9,11,9 send 1 2 4 21
4 9,8,9,11,10 recv 1 2 4 21
4 9,8,9,11,11 send 1 2 4 22
0 10,8,9,11,11 recv 1 2 4 22
0 11,8,9,11,11 send 1 2 4 23
1 11,11,9,11,11 recv 1 2 4 23
1 11,12,9,11,11 send 1 2 4 24
2 11,12,10,11,11 recv 1 2 4 24
2 11,12,11,11,11 send 1 2 4 25
3 11,12,11,12,11 recv 1 2 4 25
3 11,12,11,13,11 leader 4
