2 0,0,1,0,0 send1 0 1
3 0,0,1,1,0 recv1 0 1
4 0,0,0,0,1 send1 4 2
0 1,0,0,0,1 recv1 4 2
3 0,0,1,2,0 send1 3 3
4 0,0,1,2,2 recv1 3 3
0 2,0,0,0,1 send1 1 4
1 2,1,0,0,1 recv1 1 4
1 2,2,0,0,1 send2 1 5
2 2,2,2,0,1 recv2 1
0 3,0,0,0,1 send2 4 6
1 3,3,0,0,1 recv2 4
3 0,0,1,3,0 send2 0 7
4 0,0,1,3,3 recv2 0
4 0,0,1,3,4 send2 3 8
0 4,0,1,3,4 recv2 3
0 5,0,1,3,4 active 4
4 0,0,1,3,5 relay
1 3,4,0,0,1 send1 2 9
2 3,4,3,0,1 recv1 2 9
2 3,4,4,0,1 send2 2 10
3 3,4,4,4,1 recv2 2
3 3,4,4,5,1 relay
1 3,5,0,0,1 relay
2 3,4,5,0,1 active 2
0 6,0,1,3,4 send1 4 11
1 6,6,1,3,4 recv1 4 11
1 6,7,1,3,4 send1 4 12
2 6,7,6,3,4 recv1 4 12
2 6,7,7,3,4 send2 4 13
3 6,7,7,6,4 recv2 4
3 6,7,7,7,4 send2 4 14
4 6,7,7,7,6 recv2 4
4 6,7,7,7,7 send2 4 15
0 7,7,7,7,7 recv2 4
2 6,7,8,3,4 send1 2 16
3 6,7,8,8,4 recv1 2 16
3 6,7,8,9,4 send1 2 17
4 6,7,8,9,8 recv1 2 17
4 6,7,8,9,9 send1 2 18
0 8,7,8,9,9 recv1 2 18
0 9,7,8,9,9 send2 2 19
1 9,8,8,9,9 recv2 2
1 9,9,8,9,9 send2 2 20
2 9,9,9,9,9 recv2 2
2 9,9,10,9,9 active 4
0 10,7,8,9,9 relay
2 9,9,11,9,9 send1 4 21
3 9,9,11,10,9 recv1 4 21
3 9,9,11,11,9 send1 4 22
4 9,9,11,11,10 recv1 4 22
4 9,9,11,11,11 send1 4 23
0 11,9,11,11,11 recv1 4 23
0 12,9,11,11,11 send1 4 24
1 12,10,11,11,11 recv1 4 24
1 12,11,11,11,11 send1 4 25
2 12,11,12,11,11 recv1 4 25
2 12,11,13,11,11 leader 4
