2 0,0,1,0,0 send 1 0 1 1
3 0,0,0,1,0 send 1 0 4 2
4 0,0,0,1,1 recv 1 0 4 2
4 0,0,0,1,2 send 1 0 0 3
0 1,0,0,0,0 send 1 0 3 4
1 1,1,0,0,0 recv 1 0 3 4
3 0,0,1,2,0 recv 1 0 1 1
3 0,0,1,3,0 send 2 0 1 5
4 0,0,0,1,3 send 2 0 4 6
1 1,2,0,0,0 send 2 0 3 7
2 1,2,2,0,0 recv 2 0 3 7
4 0,0,1,3,4 recv 2 0 1 5
1 1,3,0,0,0 send 1 0 2 8
4 0,0,1,3,5 active 4
4 0,0,1,3,5 round-done 0
0 2,0,1,3,5 recv 1 0 0 3
2 1,3,3,0,0 recv 1 0 2 8
0 3,0,1,3,5 send 2 0 0 9
2 1,3,4,0,0 send 2 0 2 10
1 3,4,1,3,5 recv 2 0 0 9
0 4,0,1,3,5 recv 2 0 4 6
2 1,3,5,0,0 relay
2 1,3,5,0,0 round-done 0
1 3,5,1,3,5 active 3
1 3,5,1,3,5 round-done 0
3 1,3,5,4,0 recv 2 0 2 10
0 5,0,1,3,5 relay
0 5,0,1,3,5 round-done 0
3 1,3,5,5,0 relay
3 1,3,5,5,0 round-done 0
1 3,6,1,3,5 send 1 1 3 11
4 0,0,1,3,6 send 1 1 4 12
2 3,6,6,3,5 recv 1 1 3 11
2 3,6,7,3,5 send 1 1 3 13
0 6,0,1,3,6 recv 1 1 4 12
0 7,0,1,3,6 send 1 1 4 14
3 3,6,7,6,5 recv 1 1 3 13
3 3,6,7,7,5 send 1 1 3 15
4 3,6,7,7,7 recv 1 1 3 15
4 3,6,7,7,8 send 2 1 3 16
1 7,7,1,3,6 recv 1 1 4 14
0 8,6,7,7,8 recv 2 1 3 16
0 9,6,7,7,8 send 2 1 3 17
1 9,8,7,7,8 recv 2 1 3 17
1 9,9,7,7,8 send 2 1 4 18
1 9,10,7,7,8 active 4
1 9,10,7,7,8 round-done 1
2 9,10,8,7,8 recv 2 1 4 18
2 9,10,9,7,8 send 2 1 4 19
3 9,10,9,8,8 recv 2 1 4 19
3 9,10,9,9,8 send 2 1 4 20
4 9,10,9,9,9 recv 2 1 4 20
4 9,10,9,9,10 relay
4 9,10,9,9,10 round-done 1
1 9,11,7,7,8 send 1 2 4 21
2 9,11,10,7,8 recv 1 2 4 21
2 9,11,11,7,8 send 1 2 4 22
3 9,11,11,10,8 recv 1 2 4 22
3 9,11,11,11,8 send 1 2 4 23
4 9,11,11,11,11 recv 1 2 4 23
4 9,11,11,11,12 send 1 2 4 24
0 10,11,11,11,12 recv 1 2 4 24
0 11,11,11,11,12 send 1 2 4 25
1 11,12,11,11,12 recv 1 2 4 25
1 11,13,11,11,12 leader 4
