4 0,0,0,0,1 send 1 0 2 1
0 1,0,0,0,0 send 1 0 1 2
2 0,0,1,0,0 send 1 0 4 3
3 0,0,0,1,0 send 1 0 3 4
4 0,0,0,1,2 recv 1 0 3 4
0 2,0,0,1,2 recv 1 0 2 1
4 0,0,0,1,3 send 2 0 3 5
0 3,0,0,1,2 send 2 0 2 6
1 3,1,0,1,2 recv 1 0 1 2
1 3,2,0,1,2 send 2 0 1 7
0 4,0,0,1,3 recv 2 0 3 5
3 0,0,1,2,0 recv 1 0 4 3
2 3,2,2,1,2 recv 2 0 1 7
0 5,0,0,1,3 relay
0 5,0,0,1,3 round-done 0
3 0,0,1,3,0 send 2 0 4 8
1 3,3,0,1,2 send 1 0 0 9
2 3,3,3,1,2 recv 1 0 0 9
4 0,0,1,3,4 recv 2 0 4 8
1 5,4,0,1,3 recv 2 0 2 6
4 0,0,1,3,5 relay
4 0,0,1,3,5 round-done 0
1 5,5,0,1,3 relay
1 5,5,0,1,3 round-done 0
2 3,3,4,1,2 send 2 0 0 10
3 3,3,4,4,2 recv 2 0 0 10
3 3,3,4,5,2 active 4
3 3,3,4,5,2 round-done 0
2 3,3,5,1,2 relay
2 3,3,5,1,2 round-done 0
3 3,3,4,6,2 send 1 1 4 11
4 3,3,4,6,6 recv 1 1 4 11
4 3,3,4,6,7 send 1 1 4 12
0 6,3,4,6,7 recv 1 1 4 12
0 7,3,4,6,7 send 1 1 4 13
1 7,6,4,6,7 recv 1 1 4 13
1 7,7,4,6,7 send 1 1 4 14
2 7,7,6,6,7 recv 1 1 4 14
2 7,7,7,6,7 send 1 1 4 15
3 7,7,7,7,7 recv 1 1 4 15
3 7,7,7,8,7 leader 4
