3 0,0,0,1,0 send 1 0 0 1
1 0,1,0,0,0 send 1 0 3 2
0 1,0,0,0,0 send 1 0 2 3
2 0,1,1,0,0 recv 1 0 3 2
2 0,1,2,0,0 send 2 0 3 4
4 0,0,0,1,1 recv 1 0 0 1
3 0,1,2,2,0 recv 2 0 3 4
1 1,2,0,0,0 recv 1 0 2 3
2 0,1,3,0,0 send 1 0 4 5
4 0,0,0,1,2 send 2 0 0 6
1 1,3,0,0,0 send 2 0 2 7
4 0,0,0,1,3 send 1 0 1 8
3 0,1,3,3,0 recv 1 0 4 5
0 2,0,0,1,3 recv 2 0 0 6
3 0,1,3,4,0 send 2 0 4 9
4 0,1,3,4,4 recv 2 0 4 9
3 0,1,3,5,0 active 4
3 0,1,3,5,0 round-done 0
2 1,3,4,0,0 recv 2 0 2 7
4 0,1,3,4,5 relay
4 0,1,3,4,5 round-done 0
0 3,1,3,4,5 recv 1 0 1 8
2 1,3,5,0,0 relay
2 1,3,5,0,0 round-done 0
0 4,1,3,4,5 send 2 0 1 10
1 4,4,3,4,5 recv 2 0 1 10
0 5,1,3,4,5 relay
0 5,1,3,4,5 round-done 0
1 4,5,3,4,5 relay
1 4,5,3,4,5 round-done 0
3 0,1,3,6,0 send 1 1 4 11
4 0,1,3,6,6 recv 1 1 4 11
4 0,1,3,6,7 send 1 1 4 12
0 6,1,3,6,7 recv 1 1 4 12
0 7,1,3,6,7 send 1 1 4 13
1 7,6,3,6,7 recv 1 1 4 13
1 7,7,3,6,7 send 1 1 4 14
2 7,7,6,6,7 recv 1 1 4 14
2 7,7,7,6,7 send 1 1 4 15
3 7,7,7,7,7 recv 1 1 4 15
3 7,7,7,8,7 leader 4
