2 0,0,1,0,0 send 1 0 2 1
0 1,0,0,0,0 send 1 0 1 2
3 0,0,0,1,0 send 1 0 3 3
1 0,1,0,0,0 send 1 0 0 4
4 0,0,0,1,1 recv 1 0 3 3
4 0,0,0,1,2 send 2 0 3 5
0 2,0,0,1,2 recv 2 0 3 5
3 0,0,1,2,0 recv 1 0 2 1
3 0,0,1,3,0 send 2 0 2 6
4 0,0,1,3,3 recv 2 0 2 6
1 2,2,0,1,2 recv 1 0 1 2
1 2,3,0,1,2 send 2 0 1 7
4 0,0,1,3,4 send 1 0 4 8
2 2,3,2,1,2 recv 1 0 0 4
4 0,0,1,3,5 relay
4 0,0,1,3,5 round-done 0
2 2,3,3,1,2 send 2 0 0 9
3 2,3,3,4,2 recv 2 0 0 9
2 2,3,4,1,2 recv 2 0 1 7
2 2,3,5,1,2 relay
2 2,3,5,1,2 round-done 0
3 2,3,3,5,2 relay
3 2,3,3,5,2 round-done 0
0 3,0,1,3,5 recv 1 0 4 8
0 4,0,1,3,5 send 2 0 4 10
1 4,4,1,3,5 recv 2 0 4 10
1 4,5,1,3,5 relay
1 4,5,1,3,5 round-done 0
0 5,0,1,3,5 active 4
0 5,0,1,3,5 round-done 0
0 6,0,1,3,5 send 1 1 4 11
1 6,6,1,3,5 recv 1 1 4 11
1 6,7,1,3,5 send 1 1 4 12
2 6,7,6,3,5 recv 1 1 4 12
2 6,7,7,3,5 send 1 1 4 13
3 6,7,7,6,5 recv 1 1 4 13
3 6,7,7,7,5 send 1 1 4 14
4 6,7,7,7,6 recv 1 1 4 14
4 6,7,7,7,7 send 1 1 4 15
0 7,7,7,7,7 recv 1 1 4 15
0 8,7,7,7,7 leader 4
