1 0,1,0,0,0 send 1 0 2 1
4 0,0,0,0,1 send 1 0 3 2
2 0,1,1,0,0 recv 1 0 2 1
0 1,0,0,0,0 send 1 0 1 3
1 1,2,0,0,0 recv 1 0 1 3
3 0,0,0,1,0 send 1 0 4 4
1 1,3,0,0,0 send 2 0 1 5
2 0,1,2,0,0 send 1 0 0 6
2 0,1,3,0,0 send 2 0 2 7
3 0,1,3,2,0 recv 1 0 0 6
4 0,1,3,2,2 recv 1 0 4 4
0 2,1,3,2,2 recv 1 0 3 2
0 3,1,3,2,2 send 2 0 3 8
2 1,3,4,0,0 recv 2 0 1 5
1 3,4,3,2,2 recv 2 0 3 8
4 0,1,3,2,3 send 2 0 4 9
3 0,1,3,3,0 send 2 0 0 10
3 1,3,4,4,0 recv 2 0 2 7
1 3,5,3,2,2 relay
1 3,5,3,2,2 round-done 0
2 1,3,5,0,0 active 2
2 1,3,5,0,0 round-done 0
4 1,3,4,4,4 recv 2 0 0 10
0 4,3,4,4,4 recv 2 0 4 9
3 1,3,4,5,0 relay
3 1,3,4,5,0 round-done 0
0 5,3,4,4,4 relay
0 5,3,4,4,4 round-done 0
4 1,3,4,4,5 active 4
4 1,3,4,4,5 round-done 0
2 1,3,6,0,0 send 1 1 2 11
3 1,3,6,6,0 recv 1 1 2 11
3 1,3,6,7,0 send 1 1 2 12
4 1,3,4,4,6 send 1 1 4 13
0 6,3,4,4,6 recv 1 1 4 13
0 7,3,4,4,6 send 1 1 4 14
1 7,6,4,4,6 recv 1 1 4 14
1 7,7,4,4,6 send 1 1 4 15
2 7,7,7,4,6 recv 1 1 4 15
2 7,7,8,4,6 send 2 1 4 16
3 7,7,8,8,6 recv 2 1 4 16
3 7,7,8,9,6 send 2 1 4 17
4 7,7,8,9,7 recv 1 1 2 12
4 7,7,8,9,8 recv 2 1 4 17
4 7,7,8,9,9 send 2 1 2 18
4 7,7,8,9,10 relay
4 7,7,8,9,10 round-done 1
0 8,7,8,9,10 recv 2 1 2 18
0 9,7,8,9,10 send 2 1 2 19
1 9,8,8,9,10 recv 2 1 2 19
1 9,9,8,9,10 send 2 1 2 20
2 9,9,9,9,10 recv 2 1 2 20
2 9,9,10,9,10 active 4
2 9,9,10,9,10 round-done 1
2 9,9,11,9,10 send 1 2 4 21
3 9,9,11,10,10 recv 1 2 4 21
3 9,9,11,11,10 send 1 2 4 22
4 9,9,11,11,11 recv 1 2 4 22
4 9,9,11,11,12 send 1 2 4 23
0 10,9,11,11,12 recv 1 2 4 23
0 11,9,11,11,12 send 1 2 4 24
1 11,10,11,11,12 recv 1 2 4 24
1 11,11,11,11,12 send 1 2 4 25
2 11,11,12,11,12 recv 1 2 4 25
2 11,11,13,11,12 leader 4
