4 0,0,0,0,1 send 1 0 4 1
0 1,0,0,0,0 send 1 0 1 2
3 0,0,0,1,0 send 1 0 3 3
1 0,1,0,0,0 send 1 0 0 4
2 0,1,1,0,0 recv 1 0 0 4
2 0,1,2,0,0 send 2 0 0 5
1 1,2,0,0,0 recv 1 0 1 2
0 2,0,0,0,1 recv 1 0 4 1
1 1,3,0,0,0 send 2 0 1 6
2 1,3,3,0,0 recv 2 0 1 6
0 3,0,0,0,1 send 2 0 4 7
3 1,3,3,2,0 recv 2 0 0 5
4 1,3,3,2,2 recv 1 0 3 3
2 1,3,4,0,0 send 1 0 2 8
1 3,4,0,0,1 recv 2 0 4 7
4 1,3,3,2,3 send 2 0 3 9
2 1,3,5,0,0 relay
2 1,3,5,0,0 round-done 0
1 3,5,0,0,1 relay
1 3,5,0,0,1 round-done 0
0 4,3,3,2,3 recv 2 0 3 9
0 5,3,3,2,3 active 4
0 5,3,3,2,3 round-done 0
3 1,3,5,3,0 recv 1 0 2 8
3 1,3,5,4,0 send 2 0 2 10
4 1,3,5,4,4 recv 2 0 2 10
4 1,3,5,4,5 relay
4 1,3,5,4,5 round-done 0
3 1,3,5,5,0 relay
3 1,3,5,5,0 round-done 0
0 6,3,3,2,3 send 1 1 4 11
1 6,6,3,2,3 recv 1 1 4 11
1 6,7,3,2,3 send 1 1 4 12
2 6,7,6,2,3 recv 1 1 4 12
2 6,7,7,2,3 send 1 1 4 13
3 6,7,7,6,3 recv 1 1 4 13
3 6,7,7,7,3 send 1 1 4 14
4 6,7,7,7,6 recv 1 1 4 14
4 6,7,7,7,7 send 1 1 4 15
0 7,7,7,7,7 recv 1 1 4 15
0 8,7,7,7,7 leader 4
