2 0,0,1,0,0 send 1 0 0 1
1 0,1,0,0,0 send 1 0 3 2
3 0,0,0,1,0 send 1 0 1 3
0 1,0,0,0,0 send 1 0 4 4
4 0,0,0,1,1 recv 1 0 1 3
1 1,2,0,0,0 recv 1 0 4 4
4 0,0,0,1,2 send 1 0 2 5
2 1,2,2,0,0 recv 1 0 3 2
2 1,2,3,0,0 send 2 0 3 6
1 1,3,0,0,0 send 2 0 4 7
4 0,0,0,1,3 send 2 0 1 8
3 1,2,3,2,0 recv 1 0 0 1
2 1,3,4,0,0 recv 2 0 4 7
0 2,0,0,1,3 recv 1 0 2 5
3 1,2,3,3,0 send 2 0 0 9
0 3,0,0,1,3 recv 2 0 1 8
4 1,2,3,3,4 recv 2 0 0 9
2 1,3,5,0,0 relay
2 1,3,5,0,0 round-done 0
3 1,3,5,4,0 recv 2 0 3 6
4 1,2,3,3,5 relay
4 1,2,3,3,5 round-done 0
0 4,0,0,1,3 send 2 0 2 10
3 1,3,5,5,0 relay
3 1,3,5,5,0 round-done 0
0 5,0,0,1,3 relay
0 5,0,0,1,3 round-done 0
1 5,4,0,1,3 recv 2 0 2 10
1 5,5,0,1,3 active 4
1 5,5,0,1,3 round-done 0
1 5,6,0,1,3 send 1 1 4 11
2 5,6,6,1,3 recv 1 1 4 11
2 5,6,7,1,3 send 1 1 4 12
3 5,6,7,6,3 recv 1 1 4 12
3 5,6,7,7,3 send 1 1 4 13
4 5,6,7,7,6 recv 1 1 4 13
4 5,6,7,7,7 send 1 1 4 14
0 6,6,7,7,7 recv 1 1 4 14
0 7,6,7,7,7 send 1 1 4 15
1 7,7,7,7,7 recv 1 1 4 15
1 7,8,7,7,7 leader 4
