0 1,0,0,0,0 send 1 0 3 1
4 0,0,0,0,1 send 1 0 2 2
3 0,0,0,1,0 send 1 0 1 3
1 0,1,0,0,0 send 1 0 0 4
0 2,0,0,0,1 recv 1 0 2 2
1 2,2,0,0,1 recv 1 0 3 1
2 0,0,1,0,0 send 1 0 4 5
3 0,0,1,2,0 recv 1 0 4 5
1 2,3,0,0,1 send 2 0 3 6
3 0,0,1,3,0 send 2 0 4 7
4 0,0,1,3,2 recv 1 0 1 3
0 3,0,0,0,1 send 2 0 2 8
1 3,4,0,0,1 recv 2 0 2 8
4 0,0,1,3,3 send 2 0 1 9
2 3,4,2,0,1 recv 1 0 0 4
0 4,0,1,3,3 recv 2 0 1 9
0 5,0,1,3,3 relay
0 5,0,1,3,3 round-done 0
2 3,4,3,0,1 recv 2 0 3 6
1 3,5,0,0,1 active 3
1 3,5,0,0,1 round-done 0
4 0,0,1,3,4 recv 2 0 4 7
2 3,4,4,0,1 send 2 0 0 10
4 0,0,1,3,5 relay
4 0,0,1,3,5 round-done 0
3 3,4,4,4,1 recv 2 0 0 10
2 3,4,5,0,1 relay
2 3,4,5,0,1 round-done 0
3 3,4,4,5,1 active 4
3 3,4,4,5,1 round-done 0
3 3,4,4,6,1 send 1 1 4 11
1 3,6,0,0,1 send 1 1 3 12
2 3,6,6,0,1 recv 1 1 3 12
2 3,6,7,0,1 send 1 1 3 13
4 3,4,4,6,6 recv 1 1 4 11
4 3,4,4,6,7 send 1 1 4 14
0 6,4,4,6,7 recv 1 1 4 14
0 7,4,4,6,7 send 1 1 4 15
1 7,7,4,6,7 recv 1 1 4 15
1 7,8,4,6,7 send 2 1 4 16
2 7,8,8,6,7 recv 2 1 4 16
2 7,8,9,6,7 send 2 1 4 17
3 7,8,9,7,7 recv 1 1 3 13
3 7,8,9,8,7 send 2 1 3 18
4 7,8,9,8,8 recv 2 1 3 18
4 7,8,9,8,9 send 2 1 3 19
3 7,8,9,9,7 recv 2 1 4 17
0 8,8,9,8,9 recv 2 1 3 19
0 9,8,9,8,9 send 2 1 3 20
1 9,9,9,8,9 recv 2 1 3 20
1 9,10,9,8,9 active 4
1 9,10,9,8,9 round-done 1
3 7,8,9,10,7 relay
3 7,8,9,10,7 round-done 1
1 9,11,9,8,9 send 1 2 4 21
2 9,11,10,8,9 recv 1 2 4 21
2 9,11,11,8,9 send 1 2 4 22
3 9,11,11,11,9 recv 1 2 4 22
3 9,11,11,12,9 send 1 2 4 23
4 9,11,11,12,10 recv 1 2 4 23
4 9,11,11,12,11 send 1 2 4 24
0 10,11,11,12,11 recv 1 2 4 24
0 11,11,11,12,11 send 1 2 4 25
1 11,12,11,12,11 recv 1 2 4 25
1 11,13,11,12,11 leader 4
