3 0,0,0,1,0 send 1 0 3 1
2 0,0,1,0,0 send 1 0 0 2
4 0,0,0,0,1 send 1 0 1 3
0 1,0,0,0,1 recv 1 0 1 3
3 0,0,1,2,0 recv 1 0 0 2
1 0,1,0,0,0 send 1 0 4 4
0 2,0,0,0,1 send 1 0 2 5
4 0,0,1,2,2 recv 1 0 3 1
0 3,0,0,0,1 send 2 0 1 6
3 0,0,1,3,0 send 2 0 0 7
2 0,1,2,0,0 recv 1 0 4 4
4 0,0,1,2,3 send 2 0 3 8
0 4,0,1,2,3 recv 2 0 3 8
2 0,1,3,0,0 send 2 0 4 9
4 0,0,1,3,4 recv 2 0 0 7
3 0,1,3,4,0 recv 2 0 4 9
0 5,0,1,2,3 relay
0 5,0,1,2,3 round-done 0
4 0,0,1,3,5 active 3
4 0,0,1,3,5 round-done 0
3 0,1,3,5,0 relay
3 0,1,3,5,0 round-done 0
1 5,2,1,2,3 recv 1 0 2 5
1 5,3,1,2,3 recv 2 0 1 6
1 5,4,1,2,3 send 2 0 2 10
2 5,4,4,2,3 recv 2 0 2 10
2 5,4,5,2,3 active 4
2 5,4,5,2,3 round-done 0
1 5,5,1,2,3 relay
1 5,5,1,2,3 round-done 0
2 5,4,6,2,3 send 1 1 4 11
4 0,0,1,3,6 send 1 1 3 12
3 5,4,6,6,3 recv 1 1 4 11
3 5,4,6,7,3 send 1 1 4 13
0 6,0,1,3,6 recv 1 1 3 12
0 7,0,1,3,6 send 1 1 3 14
1 7,6,1,3,6 recv 1 1 3 14
1 7,7,1,3,6 send 1 1 3 15
4 5,4,6,7,7 recv 1 1 4 13
2 7,7,7,3,6 recv 1 1 3 15
4 5,4,6,7,8 send 2 1 4 16
2 7,7,8,3,6 send 2 1 3 17
3 7,7,8,8,6 recv 2 1 3 17
3 7,7,8,9,6 send 2 1 3 18
0 8,4,6,7,8 recv 2 1 4 16
0 9,4,6,7,8 send 2 1 4 19
4 7,7,8,9,9 recv 2 1 3 18
1 9,8,6,7,8 recv 2 1 4 19
1 9,9,6,7,8 send 2 1 4 20
2 9,9,9,7,8 recv 2 1 4 20
4 7,7,8,9,10 active 4
4 7,7,8,9,10 round-done 1
2 9,9,10,7,8 relay
2 9,9,10,7,8 round-done 1
4 7,7,8,9,11 send 1 2 4 21
0 10,7,8,9,11 recv 1 2 4 21
0 11,7,8,9,11 send 1 2 4 22
1 11,10,8,9,11 recv 1 2 4 22
1 11,11,8,9,11 send 1 2 4 23
2 11,11,11,9,11 recv 1 2 4 23
2 11,11,12,9,11 send 1 2 4 24
3 11,11,12,10,11 recv 1 2 4 24
3 11,11,12,11,11 send 1 2 4 25
4 11,11,12,11,12 recv 1 2 4 25
4 11,11,12,11,13 leader 4
