0 1,0,0,0,0 send 1 0 4 1
2 0,0,1,0,0 send 1 0 1 2
1 1,1,0,0,0 recv 1 0 4 1
1 1,2,0,0,0 send 1 0 3 3
3 0,0,0,1,0 send 1 0 2 4
4 0,0,0,1,1 recv 1 0 2 4
1 1,3,0,0,0 send 2 0 4 5
4 0,0,0,1,2 send 2 0 2 6
2 1,3,2,0,0 recv 1 0 3 3
3 1,3,2,2,0 recv 1 0 1 2
4 0,0,0,1,3 send 1 0 0 7
2 1,3,3,0,0 send 2 0 3 8
3 1,3,2,3,0 send 2 0 1 9
0 2,0,0,1,3 recv 2 0 2 6
3 1,3,3,4,0 recv 2 0 3 8
2 1,3,4,0,0 recv 2 0 4 5
4 1,3,3,4,4 recv 2 0 1 9
4 1,3,3,4,5 active 2
4 1,3,3,4,5 round-done 0
0 3,3,3,4,5 recv 1 0 0 7
2 1,3,5,0,0 relay
2 1,3,5,0,0 round-done 0
3 1,3,3,5,0 relay
3 1,3,3,5,0 round-done 0
0 4,3,3,4,5 send 2 0 0 10
1 4,4,3,4,5 recv 2 0 0 10
1 4,5,3,4,5 active 4
1 4,5,3,4,5 round-done 0
0 5,3,3,4,5 relay
0 5,3,3,4,5 round-done 0
4 1,3,3,4,6 send 1 1 2 11
1 4,6,3,4,5 send 1 1 4 12
0 6,3,3,4,6 recv 1 1 2 11
0 7,3,3,4,6 send 1 1 2 13
1 7,7,3,4,6 recv 1 1 2 13
2 7,7,6,4,6 recv 1 1 4 12
2 7,7,7,4,6 send 1 1 4 14
3 7,7,7,6,6 recv 1 1 4 14
3 7,7,7,7,6 send 1 1 4 15
1 7,8,3,4,6 send 2 1 2 16
2 7,8,8,4,6 recv 2 1 2 16
2 7,8,9,4,6 send 2 1 2 17
3 7,8,9,8,6 recv 2 1 2 17
3 7,8,9,9,6 send 2 1 2 18
4 7,8,9,9,7 recv 1 1 4 15
4 7,8,9,9,8 recv 2 1 2 18
4 7,8,9,9,9 send 2 1 4 19
4 7,8,9,9,10 active 4
4 7,8,9,9,10 round-done 1
0 8,8,9,9,10 recv 2 1 4 19
0 9,8,9,9,10 send 2 1 4 20
1 9,9,9,9,10 recv 2 1 4 20
1 9,10,9,9,10 relay
1 9,10,9,9,10 round-done 1
4 7,8,9,9,11 send 1 2 4 21
0 10,8,9,9,11 recv 1 2 4 21
0 11,8,9,9,11 send 1 2 4 22
1 11,11,9,9,11 recv 1 2 4 22
1 11,12,9,9,11 send 1 2 4 23
2 11,12,10,9,11 recv 1 2 4 23
2 11,12,11,9,11 send 1 2 4 24
3 11,12,11,10,11 recv 1 2 4 24
3 11,12,11,11,11 send 1 2 4 25
4 11,12,11,11,12 recv 1 2 4 25
4 11,12,11,11,13 leader 4
