0 1,0,0,0,0 send1 1 1
1 1,1,0,0,0 recv1 1 1
4 0,0,0,0,1 send1 0 2
0 2,0,0,0,1 recv1 0 2
1 1,2,0,0,0 send2 1 3
2 1,2,1,0,0 recv2 1
3 0,0,0,1,0 send1 3 4
4 0,0,0,1,2 recv1 3 4
4 0,0,0,1,3 send2 3 5
0 3,0,0,1,3 recv2 3
0 4,0,0,1,3 relay
1 1,3,0,0,0 send1 4 6
2 1,3,2,0,0 recv1 4 6
2 1,3,3,0,0 send2 4 7
3 1,3,3,2,0 recv2 4
0 5,0,0,1,3 send2 0 8
1 5,4,0,1,3 recv2 0
1 5,5,0,1,3 relay
2 1,3,4,0,0 active 4
2 1,3,5,0,0 send1 2 9
3 1,3,5,3,0 recv1 2 9
3 1,3,5,4,0 relay
3 1,3,5,5,0 send2 2 10
4 1,3,5,5,4 recv2 2
4 1,3,5,5,5 active 3
2 1,3,6,0,0 send1 4 11
3 1,3,6,6,0 recv1 4 11
3 1,3,6,7,0 fwd1 4 12
4 1,3,6,7,6 recv1 4 12
4 1,3,6,7,7 send1 3 13
0 6,3,6,7,7 recv1 3 13
0 7,3,6,7,7 fwd1 3 14
1 7,6,6,7,7 recv1 3 14
1 7,7,6,7,7 fwd1 3 15
2 7,7,7,7,7 recv1 3 15
2 7,7,8,7,7 send2 3 16
3 7,7,8,8,7 recv2 3
3 7,7,8,9,7 fwd2 3 17
4 7,7,8,9,8 recv2 3
4 7,7,8,9,9 send2 4 18
0 8,7,8,9,9 recv2 4
0 9,7,8,9,9 fwd2 4 19
1 9,8,8,9,9 recv2 4
1 9,9,8,9,9 fwd2 4 20
2 9,9,9,9,9 recv2 4
2 9,9,10,9,9 relay
4 7,7,8,9,10 active 4
4 7,7,8,9,11 send1 4 21
0 10,7,8,9,11 recv1 4 21
0 11,7,8,9,11 fwd1 4 22
1 11,10,8,9,11 recv1 4 22
1 11,11,8,9,11 fwd1 4 23
2 11,11,11,9,11 recv1 4 23
2 11,11,12,9,11 fwd1 4 24
3 11,11,12,10,11 recv1 4 24
3 11,11,12,11,11 fwd1 4 25
4 11,11,12,11,12 recv1 4 25
4 11,11,12,11,13 leader 4
