3 0,0,0,1,0 send 1 0 3 1
1 0,1,0,0,0 send 1 0 0 2
0 1,0,0,0,0 send 1 0 4 3
2 0,0,1,0,0 send 1 0 2 4
4 0,0,0,1,1 recv 1 0 3 1
1 1,2,0,0,0 recv 1 0 4 3
4 0,0,0,1,2 send 1 0 1 5
2 1,2,2,0,0 recv 1 0 0 2
1 1,3,0,0,0 send 2 0 4 6
2 1,3,3,0,0 recv 2 0 4 6
0 2,0,0,1,2 recv 1 0 1 5
4 0,0,0,1,3 send 2 0 3 7
3 1,3,3,2,0 recv 1 0 2 4
3 1,3,3,3,0 send 2 0 2 8
2 1,3,4,0,0 send 2 0 0 9
0 3,0,0,1,2 send 2 0 1 10
1 3,4,0,1,2 recv 2 0 1 10
0 4,0,0,1,3 recv 2 0 3 7
4 1,3,3,3,4 recv 2 0 2 8
3 1,3,4,4,0 recv 2 0 0 9
1 3,5,0,1,2 active 4
1 3,5,0,1,2 round-done 0
2 1,3,5,0,0 relay
2 1,3,5,0,0 round-done 0
3 1,3,4,5,0 relay
3 1,3,4,5,0 round-done 0
4 1,3,3,3,5 active 3
4 1,3,3,3,5 round-done 0
0 5,0,0,1,3 relay
0 5,0,0,1,3 round-done 0
4 1,3,3,3,6 send 1 1 3 11
1 3,6,0,1,2 send 1 1 4 12
2 3,6,6,1,2 recv 1 1 4 12
2 3,6,7,1,2 send 1 1 4 13
0 6,3,3,3,6 recv 1 1 3 11
0 7,3,3,3,6 send 1 1 3 14
3 3,6,7,6,2 recv 1 1 4 13
3 3,6,7,7,2 send 1 1 4 15
4 3,6,7,7,7 recv 1 1 4 15
4 3,6,7,7,8 send 2 1 4 16
0 8,6,7,7,8 recv 2 1 4 16
0 9,6,7,7,8 send 2 1 4 17
1 9,7,7,7,8 recv 1 1 3 14
1 9,8,7,7,8 send 2 1 3 18
2 9,8,8,7,8 recv 2 1 3 18
2 9,8,9,7,8 send 2 1 3 19
3 9,8,9,8,8 recv 2 1 3 19
3 9,8,9,9,8 send 2 1 3 20
1 9,9,7,7,8 recv 2 1 4 17
4 9,8,9,9,9 recv 2 1 3 20
1 9,10,7,7,8 relay
1 9,10,7,7,8 round-done 1
4 9,8,9,9,10 active 4
4 9,8,9,9,10 round-done 1
4 9,8,9,9,11 send 1 2 4 21
0 10,8,9,9,11 recv 1 2 4 21
0 11,8,9,9,11 send 1 2 4 22
1 11,11,9,9,11 recv 1 2 4 22
1 11,12,9,9,11 send 1 2 4 23
2 11,12,10,9,11 recv 1 2 4 23
2 11,12,11,9,11 send 1 2 4 24
3 11,12,11,10,11 recv 1 2 4 24
3 11,12,11,11,11 send 1 2 4 25
4 11,12,11,11,12 recv 1 2 4 25
4 11,12,11,11,13 leader 4
