2 0,0,1,0,0 send 1 0 3 1
3 0,0,1,1,0 recv 1 0 3 1
0 1,0,0,0,0 send 1 0 2 2
4 0,0,0,0,1 send 1 0 0 3
3 0,0,1,2,0 send 1 0 4 4
1 0,1,0,0,0 send 1 0 1 5
3 0,0,1,3,0 send 2 0 3 6
1 1,2,0,0,0 recv 1 0 2 2
4 0,0,1,3,2 recv 1 0 4 4
2 1,2,2,0,0 recv 1 0 1 5
1 1,3,0,0,0 send 2 0 2 7
4 0,0,1,3,3 recv 2 0 3 6
0 2,0,1,3,3 recv 1 0 0 3
2 1,3,3,0,0 recv 2 0 2 7
4 0,0,1,3,4 send 2 0 4 8
0 3,0,1,3,4 recv 2 0 4 8
2 1,3,4,0,0 send 2 0 1 9
3 1,3,4,4,0 recv 2 0 1 9
3 1,3,4,5,0 relay
3 1,3,4,5,0 round-done 0
4 0,0,1,3,5 active 4
4 0,0,1,3,5 round-done 0
0 4,0,1,3,4 send 2 0 0 10
2 1,3,5,0,0 relay
2 1,3,5,0,0 round-done 0
1 4,4,1,3,4 recv 2 0 0 10
0 5,0,1,3,4 relay
0 5,0,1,3,4 round-done 0
1 4,5,1,3,4 active 2
1 4,5,1,3,4 round-done 0
4 0,0,1,3,6 send 1 1 4 11
0 6,0,1,3,6 recv 1 1 4 11
0 7,0,1,3,6 send 1 1 4 12
1 7,6,1,3,6 recv 1 1 4 12
1 7,7,1,3,6 send 1 1 2 13
2 7,7,6,3,6 recv 1 1 2 13
2 7,7,7,3,6 send 1 1 2 14
3 7,7,7,6,6 recv 1 1 2 14
3 7,7,7,7,6 send 1 1 2 15
4 7,7,7,7,7 recv 1 1 2 15
1 7,8,1,3,6 send 2 1 4 16
4 7,7,7,7,8 send 2 1 2 17
0 8,7,7,7,8 recv 2 1 2 17
0 9,7,7,7,8 send 2 1 2 18
2 7,8,8,3,6 recv 2 1 4 16
2 7,8,9,3,6 send 2 1 4 19
3 7,8,9,8,6 recv 2 1 4 19
3 7,8,9,9,6 send 2 1 4 20
1 9,9,7,7,8 recv 2 1 2 18
1 9,10,7,7,8 active 4
1 9,10,7,7,8 round-done 1
4 7,8,9,9,9 recv 2 1 4 20
4 7,8,9,9,10 relay
4 7,8,9,9,10 round-done 1
1 9,11,7,7,8 send 1 2 4 21
2 9,11,10,7,8 recv 1 2 4 21
2 9,11,11,7,8 send 1 2 4 22
3 9,11,11,10,8 recv 1 2 4 22
3 9,11,11,11,8 send 1 2 4 23
4 9,11,11,11,11 recv 1 2 4 23
4 9,11,11,11,12 send 1 2 4 24
0 10,11,11,11,12 recv 1 2 4 24
0 11,11,11,11,12 send 1 2 4 25
1 11,12,11,11,12 recv 1 2 4 25
1 11,13,11,11,12 leader 4
