3 0,0,0,1,0 send 1 0 0 1
1 0,1,0,0,0 send 1 0 3 2
0 1,0,0,0,0 send 1 0 2 3
2 0,1,1,0,0 recv 1 0 3 2
4 0,0,0,0,1 send 1 0 1 4
2 0,1,2,0,0 send 2 0 3 5
4 0,0,0,1,2 recv 1 0 0 1
0 2,0,0,1,2 recv 1 0 1 4
0 3,0,0,1,2 send 2 0 1 6
2 0,1,3,0,0 send 1 0 4 7
4 0,0,0,1,3 send 2 0 0 8
3 0,1,3,2,0 recv 2 0 3 5
0 4,0,0,1,3 recv 2 0 0 8
1 4,2,0,1,3 recv 1 0 2 3
0 5,0,0,1,3 relay
0 5,0,0,1,3 round-done 0
1 5,3,0,1,3 recv 2 0 1 6
1 5,4,0,1,3 send 2 0 2 9
3 0,1,3,3,0 recv 1 0 4 7
3 0,1,3,4,0 send 2 0 4 10
2 5,4,4,1,3 recv 2 0 2 9
1 5,5,0,1,3 relay
1 5,5,0,1,3 round-done 0
4 0,1,3,4,4 recv 2 0 4 10
4 0,1,3,4,5 relay
4 0,1,3,4,5 round-done 0
2 5,4,5,1,3 relay
2 5,4,5,1,3 round-done 0
3 0,1,3,5,0 active 4
3 0,1,3,5,0 round-done 0
3 0,1,3,6,0 send 1 1 4 11
4 0,1,3,6,6 recv 1 1 4 11
4 0,1,3,6,7 send 1 1 4 12
0 6,1,3,6,7 recv 1 1 4 12
0 7,1,3,6,7 send 1 1 4 13
1 7,6,3,6,7 recv 1 1 4 13
1 7,7,3,6,7 send 1 1 4 14
2 7,7,6,6,7 recv 1 1 4 14
2 7,7,7,6,7 send 1 1 4 15
3 7,7,7,7,7 recv 1 1 4 15
3 7,7,7,8,7 leader 4
