3 0,0,0,1,0 send1 0 1
4 0,0,0,1,1 recv1 0 1
1 0,1,0,0,0 send1 3 2
2 0,1,1,0,0 recv1 3 2
0 1,0,0,0,0 send1 2 3
1 1,2,0,0,0 recv1 2 3
2 0,1,2,0,0 send1 4 4
3 0,1,2,2,0 recv1 4 4
4 0,0,0,1,2 send2 0 5
0 2,0,0,1,2 recv2 0
4 0,0,0,1,3 send1 1 6
0 3,0,0,1,3 recv1 1 6
0 4,0,0,1,3 send2 1 7
1 4,3,0,1,3 recv2 1
0 5,0,0,1,3 relay
1 4,4,0,1,3 relay
1 4,5,0,1,3 send2 2 8
2 4,5,3,1,3 recv2 2
3 0,1,2,3,0 send2 4 9
4 0,1,2,3,4 recv2 4
2 4,5,4,1,3 send2 3 10
3 4,5,4,4,3 recv2 3
4 0,1,2,3,5 relay
2 4,5,5,1,3 relay
3 4,5,4,5,3 active 4
3 4,5,4,6,3 send1 4 11
4 4,5,4,6,6 recv1 4 11
4 4,5,4,6,7 fwd1 4 12
0 6,5,4,6,7 recv1 4 12
0 7,5,4,6,7 fwd1 4 13
1 7,6,4,6,7 recv1 4 13
1 7,7,4,6,7 fwd1 4 14
2 7,7,6,6,7 recv1 4 14
2 7,7,7,6,7 fwd1 4 15
3 7,7,7,7,7 recv1 4 15
3 7,7,7,8,7 leader 4
