3 0,0,0,1,0 send 1 0 1 1
1 0,1,0,0,0 send 1 0 4 2
4 0,0,0,0,1 send 1 0 0 3
0 1,0,0,0,0 send 1 0 3 4
2 0,1,1,0,0 recv 1 0 4 2
2 0,1,2,0,0 send 1 0 2 5
0 2,0,0,0,1 recv 1 0 0 3
0 3,0,0,0,1 send 2 0 0 6
2 0,1,3,0,0 send 2 0 4 7
4 0,0,0,1,2 recv 1 0 1 1
4 0,0,0,1,3 send 2 0 1 8
3 0,1,3,2,0 recv 1 0 2 5
0 4,0,0,1,3 recv 2 0 1 8
3 0,1,3,3,0 send 2 0 2 9
4 0,1,3,3,4 recv 2 0 2 9
1 4,2,0,1,3 recv 1 0 3 4
0 5,0,0,1,3 relay
0 5,0,0,1,3 round-done 0
4 0,1,3,3,5 relay
4 0,1,3,3,5 round-done 0
3 0,1,3,4,0 recv 2 0 4 7
1 4,3,0,1,3 send 2 0 3 10
2 4,3,4,1,3 recv 2 0 3 10
1 5,4,0,1,3 recv 2 0 0 6
2 4,3,5,1,3 active 4
2 4,3,5,1,3 round-done 0
3 0,1,3,5,0 relay
3 0,1,3,5,0 round-done 0
1 5,5,0,1,3 relay
1 5,5,0,1,3 round-done 0
2 4,3,6,1,3 send 1 1 4 11
3 4,3,6,6,3 recv 1 1 4 11
3 4,3,6,7,3 send 1 1 4 12
4 4,3,6,7,6 recv 1 1 4 12
4 4,3,6,7,7 send 1 1 4 13
0 6,3,6,7,7 recv 1 1 4 13
0 7,3,6,7,7 send 1 1 4 14
1 7,6,6,7,7 recv 1 1 4 14
1 7,7,6,7,7 send 1 1 4 15
2 7,7,7,7,7 recv 1 1 4 15
2 7,7,8,7,7 leader 4
