2 0,0,1,0,0 send 1 0 1 1
3 0,0,1,1,0 recv 1 0 1 1
1 0,1,0,0,0 send 1 0 3 2
0 1,0,0,0,0 send 1 0 2 3
1 1,2,0,0,0 recv 1 0 2 3
3 0,0,1,2,0 send 2 0 1 4
3 0,0,1,3,0 send 1 0 4 5
4 0,0,1,3,1 recv 2 0 1 4
1 1,3,0,0,0 send 2 0 2 6
2 1,3,2,0,0 recv 1 0 3 2
4 0,0,1,3,2 send 1 0 0 7
2 1,3,3,0,0 recv 2 0 2 6
2 1,3,4,0,0 send 2 0 3 8
0 2,0,1,3,2 recv 1 0 0 7
4 0,0,1,3,3 recv 1 0 4 5
0 3,0,1,3,2 send 2 0 0 9
1 3,4,1,3,2 recv 2 0 0 9
3 1,3,4,4,0 recv 2 0 3 8
2 1,3,5,0,0 active 3
2 1,3,5,0,0 round-done 0
4 0,0,1,3,4 send 2 0 4 10
1 3,5,1,3,2 relay
1 3,5,1,3,2 round-done 0
0 4,0,1,3,4 recv 2 0 4 10
3 1,3,4,5,0 relay
3 1,3,4,5,0 round-done 0
0 5,0,1,3,4 relay
0 5,0,1,3,4 round-done 0
4 0,0,1,3,5 active 4
4 0,0,1,3,5 round-done 0
4 0,0,1,3,6 send 1 1 4 11
0 6,0,1,3,6 recv 1 1 4 11
0 7,0,1,3,6 send 1 1 4 12
1 7,6,1,3,6 recv 1 1 4 12
1 7,7,1,3,6 send 1 1 4 13
2 7,7,6,3,6 recv 1 1 4 13
2 7,7,7,3,6 send 2 1 4 14
3 7,7,7,6,6 recv 2 1 4 14
3 7,7,7,7,6 send 2 1 4 15
4 7,7,7,7,7 recv 2 1 4 15
2 7,7,8,3,6 send 1 1 3 16
3 7,7,8,8,6 recv 1 1 3 16
3 7,7,8,9,6 send 1 1 3 17
4 7,7,8,9,8 recv 1 1 3 17
4 7,7,8,9,9 send 2 1 3 18
0 8,7,8,9,9 recv 2 1 3 18
0 9,7,8,9,9 send 2 1 3 19
1 9,8,8,9,9 recv 2 1 3 19
1 9,9,8,9,9 send 2 1 3 20
4 7,7,8,9,10 relay
4 7,7,8,9,10 round-done 1
2 9,9,9,9,9 recv 2 1 3 20
2 9,9,10,9,9 active 4
2 9,9,10,9,9 round-done 1
2 9,9,11,9,9 send 1 2 4 21
3 9,9,11,10,9 recv 1 2 4 21
3 9,9,11,11,9 send 1 2 4 22
4 9,9,11,11,11 recv 1 2 4 22
4 9,9,11,11,12 send 1 2 4 23
0 10,9,11,11,12 recv 1 2 4 23
0 11,9,11,11,12 send 1 2 4 24
1 11,10,11,11,12 recv 1 2 4 24
1 11,11,11,11,12 send 1 2 4 25
2 11,11,12,11,12 recv 1 2 4 25
2 11,11,13,11,12 leader 4
