4 0,0,0,0,1 send 1 0 4 1
0 1,0,0,0,1 recv 1 0 4 1
3 0,0,0,1,0 send 1 0 1 2
0 2,0,0,0,1 send 1 0 3 3
0 3,0,0,0,1 send 2 0 4 4
4 0,0,0,1,2 recv 1 0 1 2
2 0,0,1,0,0 send 1 0 2 5
4 0,0,0,1,3 send 2 0 1 6
0 4,0,0,1,3 recv 2 0 1 6
3 0,0,1,2,0 recv 1 0 2 5
1 0,1,0,0,0 send 1 0 0 7
3 0,0,1,3,0 send 2 0 2 8
0 5,0,0,1,3 active 4
0 5,0,0,1,3 round-done 0
2 0,1,2,0,0 recv 1 0 0 7
1 5,2,0,1,3 recv 1 0 3 3
4 0,0,1,3,4 recv 2 0 2 8
1 5,3,0,1,3 recv 2 0 4 4
4 0,0,1,3,5 relay
4 0,0,1,3,5 round-done 0
2 0,1,3,0,0 send 2 0 0 9
3 0,1,3,4,0 recv 2 0 0 9
1 5,4,0,1,3 send 2 0 3 10
3 0,1,3,5,0 active 2
3 0,1,3,5,0 round-done 0
1 5,5,0,1,3 relay
1 5,5,0,1,3 round-done 0
2 5,5,4,1,3 recv 2 0 3 10
2 5,5,5,1,3 relay
2 5,5,5,1,3 round-done 0
0 6,0,0,1,3 send 1 1 4 11
1 6,6,0,1,3 recv 1 1 4 11
1 6,7,0,1,3 send 1 1 4 12
2 6,7,6,1,3 recv 1 1 4 12
2 6,7,7,1,3 send 1 1 4 13
3 0,1,3,6,0 send 1 1 2 14
4 0,1,3,6,6 recv 1 1 2 14
4 0,1,3,6,7 send 1 1 2 15
0 7,1,3,6,7 recv 1 1 2 15
0 8,1,3,6,7 send 2 1 2 16
1 8,8,3,6,7 recv 2 1 2 16
1 8,9,3,6,7 send 2 1 2 17
3 6,7,7,7,3 recv 1 1 4 13
2 8,9,8,6,7 recv 2 1 2 17
2 8,9,9,6,7 send 2 1 2 18
3 8,9,9,8,7 recv 2 1 2 18
3 8,9,9,9,7 send 2 1 4 19
4 8,9,9,9,8 recv 2 1 4 19
4 8,9,9,9,9 send 2 1 4 20
3 8,9,9,10,7 active 4
3 8,9,9,10,7 round-done 1
0 9,9,9,9,9 recv 2 1 4 20
0 10,9,9,9,9 relay
0 10,9,9,9,9 round-done 1
3 8,9,9,11,7 send 1 2 4 21
4 8,9,9,11,10 recv 1 2 4 21
4 8,9,9,11,11 send 1 2 4 22
0 11,9,9,11,11 recv 1 2 4 22
0 12,9,9,11,11 send 1 2 4 23
1 12,10,9,11,11 recv 1 2 4 23
1 12,11,9,11,11 send 1 2 4 24
2 12,11,10,11,11 recv 1 2 4 24
2 12,11,11,11,11 send 1 2 4 25
3 12,11,11,12,11 recv 1 2 4 25
3 12,11,11,13,11 leader 4
