2 0,0,1,0,0 send1 4 1
3 0,0,1,1,0 recv1 4 1
1 0,1,0,0,0 send1 3 2
2 0,1,2,0,0 recv1 3 2
0 1,0,0,0,0 send1 0 3
1 1,2,0,0,0 recv1 0 3
3 0,0,1,2,0 send2 4 4
4 0,0,1,2,1 recv2 4
1 1,3,0,0,0 send2 0 5
2 1,3,3,0,0 recv2 0
2 1,3,4,0,0 send2 3 6
3 1,3,4,3,0 recv2 3
3 1,3,4,4,0 send1 2 7
4 1,3,4,4,2 recv1 2 7
4 1,3,4,4,3 send1 1 8
0 2,3,4,4,3 recv1 1 8
4 1,3,4,4,4 send2 2 9
0 3,3,4,4,4 recv2 2
0 4,3,4,4,4 send2 1 10
1 4,4,4,4,4 recv2 1
2 1,3,5,0,0 relay
3 1,3,4,5,0 active 4
4 1,3,4,4,5 relay
1 4,5,4,4,4 relay
0 5,3,4,4,4 relay
3 1,3,4,6,0 send1 4 11
4 1,3,4,6,6 recv1 4 11
4 1,3,4,6,7 send1 4 12
0 6,3,4,6,7 recv1 4 12
0 7,3,4,6,7 send1 4 13
1 7,6,4,6,7 recv1 4 13
1 7,7,4,6,7 send1 4 14
2 7,7,6,6,7 recv1 4 14
2 7,7,7,6,7 send1 4 15
3 7,7,7,7,7 recv1 4 15
3 7,7,7,8,7 leader 4
