2 0,0,1,0,0 send 1 0 0 1
3 0,0,1,1,0 recv 1 0 0 1
0 1,0,0,0,0 send 1 0 1 2
3 0,0,1,2,0 send 1 0 3 3
4 0,0,1,2,1 recv 1 0 3 3
4 0,0,1,2,2 send 1 0 4 4
3 0,0,1,3,0 send 2 0 0 5
1 0,1,0,0,0 send 1 0 2 6
1 1,2,0,0,0 recv 1 0 1 2
2 1,2,2,0,0 recv 1 0 2 6
4 0,0,1,3,3 recv 2 0 0 5
4 0,0,1,3,4 relay
4 0,0,1,3,5 send 2 0 3 7
4 0,0,1,3,5 round-done 0
1 1,3,0,0,0 send 2 0 1 8
0 2,0,1,3,5 recv 1 0 4 4
2 1,3,3,0,0 recv 2 0 1 8
0 3,0,1,3,5 send 2 0 4 9
2 1,3,4,0,0 active 2
2 1,3,5,0,0 send 2 0 2 10
2 1,3,5,0,0 round-done 0
1 3,4,1,3,5 recv 2 0 4 9
3 1,3,5,4,0 recv 2 0 2 10
1 3,5,1,3,5 relay
1 3,5,1,3,5 round-done 0
3 1,3,5,5,0 relay
3 1,3,5,5,0 round-done 0
0 4,0,1,3,5 recv 2 0 3 7
0 5,0,1,3,5 active 4
0 5,0,1,3,5 round-done 0
0 6,0,1,3,5 send 1 1 4 11
2 1,3,6,0,0 send 1 1 2 12
3 1,3,6,6,0 recv 1 1 2 12
3 1,3,6,7,0 send 1 1 2 13
4 1,3,6,7,6 recv 1 1 2 13
4 1,3,6,7,7 send 1 1 2 14
1 6,6,1,3,5 recv 1 1 4 11
1 6,7,1,3,5 send 1 1 4 15
0 7,3,6,7,7 recv 1 1 2 14
0 8,3,6,7,7 send 2 1 2 16
1 8,8,6,7,7 recv 2 1 2 16
1 8,9,6,7,7 send 2 1 2 17
2 8,9,7,7,7 recv 1 1 4 15
2 8,9,8,7,7 send 2 1 4 18
3 8,9,8,8,7 recv 2 1 4 18
3 8,9,8,9,7 send 2 1 4 19
2 8,9,9,7,7 recv 2 1 2 17
4 8,9,8,9,8 recv 2 1 4 19
4 8,9,8,9,9 send 2 1 4 20
2 8,9,10,7,7 active 4
2 8,9,10,7,7 round-done 1
0 9,9,8,9,9 recv 2 1 4 20
0 10,9,8,9,9 relay
0 10,9,8,9,9 round-done 1
2 8,9,11,7,7 send 1 2 4 21
3 8,9,11,10,7 recv 1 2 4 21
3 8,9,11,11,7 send 1 2 4 22
4 8,9,11,11,10 recv 1 2 4 22
4 8,9,11,11,11 send 1 2 4 23
0 11,9,11,11,11 recv 1 2 4 23
0 12,9,11,11,11 send 1 2 4 24
1 12,10,11,11,11 recv 1 2 4 24
1 12,11,11,11,11 send 1 2 4 25
2 12,11,12,11,11 recv 1 2 4 25
2 12,11,13,11,11 leader 4
