2 0,0,1,0,0 send 1 0 1 1
1 0,1,0,0,0 send 1 0 3 2
4 0,0,0,0,1 send 1 0 0 3
3 0,0,0,1,0 send 1 0 2 4
2 0,1,2,0,0 recv 1 0 3 2
0 1,0,0,0,1 recv 1 0 0 3
3 0,1,2,2,0 recv 1 0 1 1
0 2,0,0,0,1 send 1 0 4 5
2 0,1,3,0,0 send 2 0 3 6
1 2,2,0,0,1 recv 1 0 4 5
1 2,3,0,0,1 send 2 0 4 7
0 3,0,0,0,1 send 2 0 0 8
3 0,1,2,3,0 send 2 0 1 9
2 2,3,4,0,1 recv 2 0 4 7
4 0,1,2,3,2 recv 1 0 2 4
2 2,3,5,0,1 relay
2 2,3,5,0,1 round-done 0
4 0,1,2,3,3 recv 2 0 1 9
1 3,4,0,0,1 recv 2 0 0 8
3 2,3,5,4,1 recv 2 0 3 6
3 2,3,5,5,1 relay
3 2,3,5,5,1 round-done 0
4 0,1,2,3,4 send 2 0 2 10
0 4,1,2,3,4 recv 2 0 2 10
1 3,5,0,0,1 active 4
1 3,5,0,0,1 round-done 0
4 0,1,2,3,5 active 2
4 0,1,2,3,5 round-done 0
0 5,1,2,3,4 relay
0 5,1,2,3,4 round-done 0
4 0,1,2,3,6 send 1 1 2 11
1 3,6,0,0,1 send 1 1 4 12
0 6,1,2,3,6 recv 1 1 2 11
0 7,1,2,3,6 send 1 1 2 13
2 3,6,6,0,1 recv 1 1 4 12
2 3,6,7,0,1 send 1 1 4 14
3 3,6,7,6,1 recv 1 1 4 14
3 3,6,7,7,1 send 1 1 4 15
4 3,6,7,7,7 recv 1 1 4 15
1 7,7,2,3,6 recv 1 1 2 13
4 3,6,7,7,8 send 2 1 4 16
0 8,6,7,7,8 recv 2 1 4 16
0 9,6,7,7,8 send 2 1 4 17
1 7,8,2,3,6 send 2 1 2 18
2 7,8,8,3,6 recv 2 1 2 18
2 7,8,9,3,6 send 2 1 2 19
1 9,9,7,7,8 recv 2 1 4 17
3 7,8,9,8,6 recv 2 1 2 19
3 7,8,9,9,6 send 2 1 2 20
4 7,8,9,9,9 recv 2 1 2 20
1 9,10,7,7,8 relay
1 9,10,7,7,8 round-done 1
4 7,8,9,9,10 active 4
4 7,8,9,9,10 round-done 1
4 7,8,9,9,11 send 1 2 4 21
0 10,8,9,9,11 recv 1 2 4 21
0 11,8,9,9,11 send 1 2 4 22
1 11,11,9,9,11 recv 1 2 4 22
1 11,12,9,9,11 send 1 2 4 23
2 11,12,10,9,11 recv 1 2 4 23
2 11,12,11,9,11 send 1 2 4 24
3 11,12,11,10,11 recv 1 2 4 24
3 11,12,11,11,11 send 1 2 4 25
4 11,12,11,11,12 recv 1 2 4 25
4 11,12,11,11,13 leader 4
