4 0,0,0,0,1 send 1 0 1 1
1 0,1,0,0,0 send 1 0 3 2
3 0,0,0,1,0 send 1 0 0 3
0 1,0,0,0,1 recv 1 0 1 1
4 0,0,0,1,2 recv 1 0 0 3
0 2,0,0,0,1 send 2 0 1 4
4 0,0,0,1,3 send 2 0 0 5
1 2,2,0,0,1 recv 2 0 1 4
0 3,0,0,0,1 send 1 0 2 6
2 2,2,1,0,1 recv 1 0 3 2
1 3,3,0,0,1 recv 1 0 2 6
2 2,2,2,0,1 send 1 0 4 7
0 4,0,0,1,3 recv 2 0 0 5
0 5,0,0,1,3 relay
0 5,0,0,1,3 round-done 0
1 3,4,0,0,1 send 2 0 2 8
2 3,4,3,0,1 recv 2 0 2 8
3 3,4,3,2,1 recv 1 0 4 7
2 3,4,4,0,1 send 2 0 3 9
1 3,5,0,0,1 relay
1 3,5,0,0,1 round-done 0
3 3,4,4,3,1 recv 2 0 3 9
3 3,4,4,4,1 send 2 0 4 10
2 3,4,5,0,1 relay
2 3,4,5,0,1 round-done 0
4 3,4,4,4,4 recv 2 0 4 10
4 3,4,4,4,5 relay
4 3,4,4,4,5 round-done 0
3 3,4,4,5,1 active 4
3 3,4,4,5,1 round-done 0
3 3,4,4,6,1 send 1 1 4 11
4 3,4,4,6,6 recv 1 1 4 11
4 3,4,4,6,7 send 1 1 4 12
0 6,4,4,6,7 recv 1 1 4 12
0 7,4,4,6,7 send 1 1 4 13
1 7,6,4,6,7 recv 1 1 4 13
1 7,7,4,6,7 send 1 1 4 14
2 7,7,6,6,7 recv 1 1 4 14
2 7,7,7,6,7 send 1 1 4 15
3 7,7,7,7,7 recv 1 1 4 15
3 7,7,7,8,7 leader 4
