2 0,0,1,0,0 send 1 0 2 1
0 1,0,0,0,0 send 1 0 0 2
1 1,1,0,0,0 recv 1 0 0 2
1 1,2,0,0,0 send 1 0 3 3
4 0,0,0,0,1 send 1 0 4 4
0 2,0,0,0,1 recv 1 0 4 4
3 0,0,0,1,0 send 1 0 1 5
1 1,3,0,0,0 send 2 0 0 6
4 0,0,0,1,2 recv 1 0 1 5
2 1,3,2,0,0 recv 1 0 3 3
0 3,0,0,0,1 send 2 0 4 7
2 1,3,3,0,0 recv 2 0 0 6
1 3,4,0,0,1 recv 2 0 4 7
4 0,0,0,1,3 send 2 0 1 8
0 4,0,0,1,3 recv 2 0 1 8
1 3,5,0,0,1 relay
1 3,5,0,0,1 round-done 0
2 1,3,4,0,0 send 2 0 3 9
0 5,0,0,1,3 active 4
0 5,0,0,1,3 round-done 0
2 1,3,5,0,0 active 3
2 1,3,5,0,0 round-done 0
3 1,3,5,2,0 recv 1 0 2 1
3 1,3,5,3,0 send 2 0 2 10
4 1,3,5,3,4 recv 2 0 2 10
3 1,3,5,4,0 recv 2 0 3 9
4 1,3,5,3,5 relay
4 1,3,5,3,5 round-done 0
3 1,3,5,5,0 relay
3 1,3,5,5,0 round-done 0
0 6,0,0,1,3 send 1 1 4 11
2 1,3,6,0,0 send 1 1 3 12
1 6,6,0,1,3 recv 1 1 4 11
1 6,7,0,1,3 send 1 1 4 13
3 1,3,6,6,0 recv 1 1 3 12
3 1,3,6,7,0 send 1 1 3 14
2 6,7,7,1,3 recv 1 1 4 13
4 1,3,6,7,6 recv 1 1 3 14
4 1,3,6,7,7 send 1 1 3 15
2 6,7,8,1,3 send 2 1 4 16
3 6,7,8,8,3 recv 2 1 4 16
3 6,7,8,9,3 send 2 1 4 17
4 6,7,8,9,8 recv 2 1 4 17
4 6,7,8,9,9 send 2 1 4 18
0 7,7,8,9,9 recv 1 1 3 15
0 8,7,8,9,9 recv 2 1 4 18
0 9,7,8,9,9 send 2 1 3 19
1 9,8,8,9,9 recv 2 1 3 19
1 9,9,8,9,9 send 2 1 3 20
2 9,9,9,9,9 recv 2 1 3 20
0 10,7,8,9,9 relay
0 10,7,8,9,9 round-done 1
2 9,9,10,9,9 active 4
2 9,9,10,9,9 round-done 1
2 9,9,11,9,9 send 1 2 4 21
3 9,9,11,10,9 recv 1 2 4 21
3 9,9,11,11,9 send 1 2 4 22
4 9,9,11,11,10 recv 1 2 4 22
4 9,9,11,11,11 send 1 2 4 23
0 11,9,11,11,11 recv 1 2 4 23
0 12,9,11,11,11 send 1 2 4 24
1 12,10,11,11,11 recv 1 2 4 24
1 12,11,11,11,11 send 1 2 4 25
2 12,11,12,11,11 recv 1 2 4 25
2 12,11,13,11,11 leader 4
