3 0,0,0,1,0 send 1 0 4 1
1 0,1,0,0,0 send 1 0 0 2
0 1,0,0,0,0 send 1 0 2 3
4 0,0,0,1,1 recv 1 0 4 1
4 0,0,0,1,2 send 1 0 1 4
1 1,2,0,0,0 recv 1 0 2 3
1 1,3,0,0,0 send 2 0 2 5
2 0,0,1,0,0 send 1 0 3 6
3 0,0,1,2,0 recv 1 0 3 6
4 0,0,0,1,3 send 2 0 4 7
3 0,0,1,3,0 send 2 0 3 8
0 2,0,0,1,3 recv 1 0 1 4
4 0,0,1,3,4 recv 2 0 3 8
0 3,0,1,3,4 recv 2 0 4 7
4 0,0,1,3,5 active 4
4 0,0,1,3,5 round-done 0
0 4,0,1,3,4 send 2 0 1 9
2 1,3,2,0,0 recv 1 0 0 2
1 4,4,1,3,4 recv 2 0 1 9
2 4,4,3,3,4 recv 2 0 2 5
0 5,0,1,3,4 relay
0 5,0,1,3,4 round-done 0
2 4,4,4,3,4 send 2 0 0 10
1 4,5,1,3,4 active 2
1 4,5,1,3,4 round-done 0
3 4,4,4,4,4 recv 2 0 0 10
3 4,4,4,5,4 relay
3 4,4,4,5,4 round-done 0
2 4,4,5,3,4 relay
2 4,4,5,3,4 round-done 0
1 4,6,1,3,4 send 1 1 2 11
2 4,6,6,3,4 recv 1 1 2 11
2 4,6,7,3,4 send 1 1 2 12
4 0,0,1,3,6 send 1 1 4 13
0 6,0,1,3,6 recv 1 1 4 13
0 7,0,1,3,6 send 1 1 4 14
1 7,7,1,3,6 recv 1 1 4 14
3 4,6,7,6,4 recv 1 1 2 12
3 4,6,7,7,4 send 1 1 2 15
1 7,8,1,3,6 send 2 1 4 16
2 7,8,8,3,6 recv 2 1 4 16
2 7,8,9,3,6 send 2 1 4 17
4 4,6,7,7,7 recv 1 1 2 15
3 7,8,9,8,6 recv 2 1 4 17
3 7,8,9,9,6 send 2 1 4 18
4 7,8,9,9,8 recv 2 1 4 18
4 7,8,9,9,9 send 2 1 2 19
4 7,8,9,9,10 relay
4 7,8,9,9,10 round-done 1
0 8,8,9,9,10 recv 2 1 2 19
0 9,8,9,9,10 send 2 1 2 20
1 9,9,9,9,10 recv 2 1 2 20
1 9,10,9,9,10 active 4
1 9,10,9,9,10 round-done 1
1 9,11,9,9,10 send 1 2 4 21
2 9,11,10,9,10 recv 1 2 4 21
2 9,11,11,9,10 send 1 2 4 22
3 9,11,11,10,10 recv 1 2 4 22
3 9,11,11,11,10 send 1 2 4 23
4 9,11,11,11,11 recv 1 2 4 23
4 9,11,11,11,12 send 1 2 4 24
0 10,11,11,11,12 recv 1 2 4 24
0 11,11,11,11,12 send 1 2 4 25
1 11,12,11,11,12 recv 1 2 4 25
1 11,13,11,11,12 leader 4
