0 1,0,0,0,0 send1 1 1
1 1,1,0,0,0 recv1 1 1
4 0,0,0,0,1 send1 0 2
0 2,0,0,0,1 recv1 0 2
1 1,2,0,0,0 send1 4 3
2 1,2,1,0,0 recv1 4 3
2 1,2,2,0,0 send2 4 4
3 1,2,2,1,0 recv2 4
1 1,3,0,0,0 send2 1 5
2 1,3,3,0,0 recv2 1
2 1,3,4,0,0 send1 2 6
3 1,3,4,2,0 recv1 2 6
3 1,3,4,3,0 send1 3 7
4 1,3,4,3,2 recv1 3 7
4 1,3,4,3,3 send2 3 8
0 3,3,4,3,3 recv2 3
0 4,3,4,3,3 send2 0 9
1 4,4,4,3,3 recv2 0
3 1,3,4,4,0 send2 2 10
4 1,3,4,4,4 recv2 2
1 4,5,4,3,3 relay
2 1,3,5,0,0 active 4
0 5,3,4,3,3 relay
3 1,3,4,5,0 relay
4 1,3,4,4,5 active 3
2 1,3,6,0,0 send1 4 11
3 1,3,6,6,0 recv1 4 11
3 1,3,6,7,0 send1 4 12
4 1,3,6,7,6 recv1 4 12
4 1,3,6,7,7 send2 4 13
0 6,3,6,7,7 recv2 4
0 7,3,6,7,7 send2 4 14
1 7,6,6,7,7 recv2 4
1 7,7,6,7,7 send2 4 15
2 7,7,7,7,7 recv2 4
4 1,3,6,7,8 send1 3 16
0 8,3,6,7,8 recv1 3 16
0 9,3,6,7,8 send1 3 17
1 9,8,6,7,8 recv1 3 17
1 9,9,6,7,8 send1 3 18
2 9,9,8,7,8 recv1 3 18
2 9,9,9,7,8 send2 3 19
3 9,9,9,8,8 recv2 3
3 9,9,9,9,8 send2 3 20
4 9,9,9,9,9 recv2 3
4 9,9,9,9,10 active 4
2 9,9,10,7,8 relay
4 9,9,9,9,11 send1 4 21
0 10,9,9,9,11 recv1 4 21
0 11,9,9,9,11 send1 4 22
1 11,10,9,9,11 recv1 4 22
1 11,11,9,9,11 send1 4 23
2 11,11,11,9,11 recv1 4 23
2 11,11,12,9,11 send1 4 24
3 11,11,12,10,11 recv1 4 24
3 11,11,12,11,11 send1 4 25
4 11,11,12,11,12 recv1 4 25
4 11,11,12,11,13 leader 4
