4 0,0,0,0,1 send 1 0 0 1
3 0,0,0,1,0 send 1 0 3 2
0 1,0,0,0,1 recv 1 0 0 1
0 2,0,0,0,1 send 2 0 0 3
1 2,1,0,0,1 recv 2 0 0 3
0 3,0,0,0,1 send 1 0 1 4
1 3,2,0,0,1 recv 1 0 1 4
4 0,0,0,1,2 recv 1 0 3 2
1 3,3,0,0,1 send 1 0 4 5
4 0,0,0,1,3 send 2 0 3 6
1 3,4,0,0,1 send 2 0 1 7
2 0,0,1,0,0 send 1 0 2 8
0 4,0,0,1,3 recv 2 0 3 6
1 3,5,0,0,1 relay
1 3,5,0,0,1 round-done 0
0 5,0,0,1,3 relay
0 5,0,0,1,3 round-done 0
3 0,0,1,2,0 recv 1 0 2 8
2 3,5,2,0,1 recv 1 0 4 5
3 0,0,1,3,0 send 2 0 2 9
2 3,5,3,0,1 send 2 0 4 10
4 0,0,1,3,4 recv 2 0 2 9
2 3,5,4,0,1 recv 2 0 1 7
4 0,0,1,3,5 active 3
4 0,0,1,3,5 round-done 0
3 3,5,4,4,1 recv 2 0 4 10
3 3,5,4,5,1 relay
3 3,5,4,5,1 round-done 0
2 3,5,5,0,1 active 4
2 3,5,5,0,1 round-done 0
2 3,5,6,0,1 send 1 1 4 11
4 0,0,1,3,6 send 1 1 3 12
0 6,0,1,3,6 recv 1 1 3 12
0 7,0,1,3,6 send 1 1 3 13
3 3,5,6,6,1 recv 1 1 4 11
3 3,5,6,7,1 send 1 1 4 14
1 7,6,1,3,6 recv 1 1 3 13
1 7,7,1,3,6 send 1 1 3 15
4 3,5,6,7,7 recv 1 1 4 14
4 3,5,6,7,8 send 2 1 4 16
0 8,5,6,7,8 recv 2 1 4 16
0 9,5,6,7,8 send 2 1 4 17
2 7,7,7,3,6 recv 1 1 3 15
1 9,8,6,7,8 recv 2 1 4 17
1 9,9,6,7,8 send 2 1 4 18
2 9,9,8,7,8 recv 2 1 4 18
2 9,9,9,7,8 send 2 1 3 19
3 9,9,9,8,8 recv 2 1 3 19
3 9,9,9,9,8 send 2 1 3 20
2 9,9,10,7,8 relay
2 9,9,10,7,8 round-done 1
4 9,9,9,9,9 recv 2 1 3 20
4 9,9,9,9,10 active 4
4 9,9,9,9,10 round-done 1
4 9,9,9,9,11 send 1 2 4 21
0 10,9,9,9,11 recv 1 2 4 21
0 11,9,9,9,11 send 1 2 4 22
1 11,10,9,9,11 recv 1 2 4 22
1 11,11,9,9,11 send 1 2 4 23
2 11,11,11,9,11 recv 1 2 4 23
2 11,11,12,9,11 send 1 2 4 24
3 11,11,12,10,11 recv 1 2 4 24
3 11,11,12,11,11 send 1 2 4 25
4 11,11,12,11,12 recv 1 2 4 25
4 11,11,12,11,13 leader 4
