0 1,0,0,0,0 send 1 0 1 1
3 0,0,0,1,0 send 1 0 0 2
2 0,0,1,0,0 send 1 0 2 3
4 0,0,0,0,1 send 1 0 4 4
0 2,0,0,0,1 recv 1 0 4 4
3 0,0,1,2,0 recv 1 0 2 3
1 0,1,0,0,0 send 1 0 3 5
0 3,0,0,0,1 send 2 0 4 6
4 0,0,1,2,2 recv 1 0 0 2
1 3,2,0,0,1 recv 1 0 1 1
3 0,0,1,3,0 send 2 0 2 7
4 0,0,1,2,3 send 2 0 0 8
1 3,3,0,0,1 send 2 0 1 9
0 4,0,1,2,3 recv 2 0 0 8
2 3,3,2,0,1 recv 1 0 3 5
2 3,3,3,0,1 send 2 0 3 10
3 3,3,3,4,1 recv 2 0 3 10
0 5,0,1,2,3 active 4
0 5,0,1,2,3 round-done 0
1 5,4,1,2,3 recv 2 0 4 6
4 3,3,3,4,4 recv 2 0 2 7
1 5,5,1,2,3 relay
1 5,5,1,2,3 round-done 0
2 5,5,4,2,3 recv 2 0 1 9
4 3,3,3,4,5 relay
4 3,3,3,4,5 round-done 0
3 3,3,3,5,1 relay
3 3,3,3,5,1 round-done 0
2 5,5,5,2,3 active 3
2 5,5,5,2,3 round-done 0
2 5,5,6,2,3 send 1 1 3 11
0 6,0,1,2,3 send 1 1 4 12
3 5,5,6,6,3 recv 1 1 3 11
3 5,5,6,7,3 send 1 1 3 13
4 5,5,6,7,6 recv 1 1 3 13
4 5,5,6,7,7 send 1 1 3 14
1 6,6,1,2,3 recv 1 1 4 12
1 6,7,1,2,3 send 1 1 4 15
0 7,5,6,7,7 recv 1 1 3 14
0 8,5,6,7,7 send 2 1 3 16
2 6,7,7,2,3 recv 1 1 4 15
1 8,8,6,7,7 recv 2 1 3 16
1 8,9,6,7,7 send 2 1 3 17
2 8,9,8,7,7 recv 2 1 3 17
2 8,9,9,7,7 send 2 1 4 18
3 8,9,9,8,7 recv 2 1 4 18
3 8,9,9,9,7 send 2 1 4 19
2 8,9,10,7,7 active 4
2 8,9,10,7,7 round-done 1
4 8,9,9,9,8 recv 2 1 4 19
4 8,9,9,9,9 send 2 1 4 20
0 9,9,9,9,9 recv 2 1 4 20
0 10,9,9,9,9 relay
0 10,9,9,9,9 round-done 1
2 8,9,11,7,7 send 1 2 4 21
3 8,9,11,10,7 recv 1 2 4 21
3 8,9,11,11,7 send 1 2 4 22
4 8,9,11,11,10 recv 1 2 4 22
4 8,9,11,11,11 send 1 2 4 23
0 11,9,11,11,11 recv 1 2 4 23
0 12,9,11,11,11 send 1 2 4 24
1 12,10,11,11,11 recv 1 2 4 24
1 12,11,11,11,11 send 1 2 4 25
2 12,11,12,11,11 recv 1 2 4 25
2 12,11,13,11,11 leader 4
