1 0,1,0,0,0 send 1 0 4 1
0 1,0,0,0,0 send 1 0 3 2
3 0,0,0,1,0 send 1 0 2 3
4 0,0,0,1,1 recv 1 0 2 3
2 0,0,1,0,0 send 1 0 1 4
4 0,0,0,1,2 send 1 0 0 5
3 0,0,1,2,0 recv 1 0 1 4
2 0,1,2,0,0 recv 1 0 4 1
0 2,0,0,1,2 recv 1 0 0 5
0 3,0,0,1,2 send 2 0 0 6
2 0,1,3,0,0 send 2 0 4 7
4 0,0,0,1,3 send 2 0 2 8
3 0,0,1,3,0 send 2 0 1 9
0 4,0,0,1,3 recv 2 0 2 8
3 0,1,3,4,0 recv 2 0 4 7
1 4,2,0,1,3 recv 1 0 3 2
4 0,1,3,4,4 recv 2 0 1 9
3 0,1,3,5,0 relay
3 0,1,3,5,0 round-done 0
1 4,3,0,1,3 send 2 0 3 10
4 0,1,3,4,5 active 2
4 0,1,3,4,5 round-done 0
0 5,0,0,1,3 relay
0 5,0,0,1,3 round-done 0
2 4,3,4,1,3 recv 2 0 3 10
1 5,4,0,1,3 recv 2 0 0 6
1 5,5,0,1,3 relay
1 5,5,0,1,3 round-done 0
2 4,3,5,1,3 active 4
2 4,3,5,1,3 round-done 0
2 4,3,6,1,3 send 1 1 4 11
3 4,3,6,6,3 recv 1 1 4 11
3 4,3,6,7,3 send 1 1 4 12
4 0,1,3,4,6 send 1 1 2 13
4 4,3,6,7,7 recv 1 1 4 12
0 6,3,6,7,7 recv 1 1 2 13
0 7,3,6,7,7 send 1 1 2 14
1 7,6,6,7,7 recv 1 1 2 14
1 7,7,6,7,7 send 1 1 2 15
4 4,3,6,7,8 send 2 1 4 16
0 8,3,6,7,8 recv 2 1 4 16
0 9,3,6,7,8 send 2 1 4 17
1 9,8,6,7,8 recv 2 1 4 17
1 9,9,6,7,8 send 2 1 4 18
2 9,9,7,7,8 recv 1 1 2 15
2 9,9,8,7,8 send 2 1 2 19
3 9,9,8,8,8 recv 2 1 2 19
3 9,9,8,9,8 send 2 1 2 20
2 9,9,9,7,8 recv 2 1 4 18
4 9,9,8,9,9 recv 2 1 2 20
4 9,9,8,9,10 active 4
4 9,9,8,9,10 round-done 1
2 9,9,10,7,8 relay
2 9,9,10,7,8 round-done 1
4 9,9,8,9,11 send 1 2 4 21
0 10,9,8,9,11 recv 1 2 4 21
0 11,9,8,9,11 send 1 2 4 22
1 11,10,8,9,11 recv 1 2 4 22
1 11,11,8,9,11 send 1 2 4 23
2 11,11,11,9,11 recv 1 2 4 23
2 11,11,12,9,11 send 1 2 4 24
3 11,11,12,10,11 recv 1 2 4 24
3 11,11,12,11,11 send 1 2 4 25
4 11,11,12,11,12 recv 1 2 4 25
4 11,11,12,11,13 leader 4
